date,code,exchange,open,high,low,close,volume,count_trx
2000-01-03,JKHY,NASDAQ,13.25,13.4375,13.0,13.4375,248400.0,
2000-01-04,JKHY,NASDAQ,13.0625,13.375,12.28125,12.34375,563200.0,
2000-01-05,JKHY,NASDAQ,12.375,12.6875,12.0625,12.59375,860000.0,
2000-01-06,JKHY,NASDAQ,12.796875,13.0625,12.25,12.46875,819200.0,
2000-01-07,JKHY,NASDAQ,12.421875,12.53125,12.25,12.46875,335600.0,
2000-01-10,JKHY,NASDAQ,12.40625,13.0,12.234375,12.9296875,966400.0,
2000-01-11,JKHY,NASDAQ,12.53125,13.078125,12.53125,12.984375,310800.0,
2000-01-12,JKHY,NASDAQ,12.96875,13.0625,12.84375,12.921875,385600.0,
2000-01-13,JKHY,NASDAQ,12.890625,13.0,12.5,13.0,370400.0,
2000-01-14,JKHY,NASDAQ,12.578125,13.265625,12.578125,13.1875,247200.0,
2000-01-18,JKHY,NASDAQ,13.1171875,13.96875,13.015625,13.8125,522400.0,
2000-01-19,JKHY,NASDAQ,13.75,14.48046875,13.71875,14.078125,437600.0,
2000-01-20,JKHY,NASDAQ,13.9375,14.25,13.75,14.21875,222400.0,
2000-01-21,JKHY,NASDAQ,14.28125,14.5625,14.125,14.53125,429600.0,
2000-01-24,JKHY,NASDAQ,14.5,14.59375,14.3125,14.5625,739200.0,
2000-01-25,JKHY,NASDAQ,14.5,14.59375,14.4375,14.515625,342400.0,
2000-01-26,JKHY,NASDAQ,14.46875,14.75,14.4375,14.5,364000.0,
2000-01-27,JKHY,NASDAQ,14.71875,14.75,14.375,14.53125,384400.0,
2000-01-28,JKHY,NASDAQ,14.5,14.71875,14.4375,14.59375,590000.0,
2000-01-31,JKHY,NASDAQ,14.5,15.1875,14.0,14.3125,831200.0,
2000-02-01,JKHY,NASDAQ,14.3125,14.53125,13.3125,13.75,540400.0,
2000-02-02,JKHY,NASDAQ,13.59375,13.9375,13.484375,13.75,424800.0,
2000-02-03,JKHY,NASDAQ,13.6953125,13.9921875,13.6953125,13.8125,303600.0,
2000-02-04,JKHY,NASDAQ,13.859375,14.6875,13.78125,14.6875,455200.0,
2000-02-07,JKHY,NASDAQ,14.25,14.84375,14.25,14.8125,315200.0,
2000-02-08,JKHY,NASDAQ,14.796875,15.125,14.75,15.078125,511600.0,
2000-02-09,JKHY,NASDAQ,15.0625,15.28125,15.0625,15.15625,538400.0,
2000-02-10,JKHY,NASDAQ,15.171875,15.28125,14.84375,14.9296875,396000.0,
2000-02-11,JKHY,NASDAQ,14.9921875,15.4375,14.859375,15.25,480800.0,
2000-02-14,JKHY,NASDAQ,15.203125,16.1875,14.90625,15.03125,1492000.0,
2000-02-15,JKHY,NASDAQ,15.25,15.25,14.765625,14.859375,163600.0,
2000-02-16,JKHY,NASDAQ,14.75,15.0625,14.75,15.015625,743600.0,
2000-02-17,JKHY,NASDAQ,15.078125,15.078125,14.625,15.0,328400.0,
2000-02-18,JKHY,NASDAQ,14.96875,15.03125,14.875,14.984375,511200.0,
2000-02-22,JKHY,NASDAQ,14.9765625,15.0,14.75,14.875,234800.0,
2000-02-23,JKHY,NASDAQ,14.8125,15.4375,14.8125,15.4140625,699200.0,
2000-02-24,JKHY,NASDAQ,15.4375,15.75,15.25,15.625,739200.0,
2000-02-25,JKHY,NASDAQ,15.421875,16.125,15.40625,15.9375,417600.0,
2000-02-28,JKHY,NASDAQ,15.9375,16.25,15.734375,16.1640625,517600.0,
2000-02-29,JKHY,NASDAQ,15.9375,17.5,15.875,17.46875,504400.0,
2000-03-01,JKHY,NASDAQ,17.390625,17.6875,17.21875,17.625,635200.0,
2000-03-02,JKHY,NASDAQ,17.515625,17.625,17.40625,17.515625,460000.0,
2000-03-03,JKHY,NASDAQ,17.515625,17.875,17.375,17.546875,538400.0,
2000-03-06,JKHY,NASDAQ,17.6875,17.8125,17.40625,17.59375,306400.0,
2000-03-07,JKHY,NASDAQ,17.625,17.625,16.0,17.1875,441000.0,
2000-03-08,JKHY,NASDAQ,17.1875,17.6796875,17.0,17.53125,350000.0,
2000-03-09,JKHY,NASDAQ,17.625,18.6875,17.375,18.53125,463400.0,
2000-03-10,JKHY,NASDAQ,18.5,20.0,18.390625,19.5625,702200.0,
2000-03-13,JKHY,NASDAQ,18.75,19.0625,18.25,18.53125,326800.0,
2000-03-14,JKHY,NASDAQ,18.5625,19.625,18.28125,19.125,435000.0,
2000-03-15,JKHY,NASDAQ,19.25,19.40625,18.09375,18.59375,615000.0,
2000-03-16,JKHY,NASDAQ,18.625,19.03125,17.875,18.0,284400.0,
2000-03-17,JKHY,NASDAQ,18.03125,19.25,18.0,18.046875,223000.0,
2000-03-20,JKHY,NASDAQ,18.140625,18.25,16.5,17.0,186000.0,
2000-03-21,JKHY,NASDAQ,16.6875,17.125,16.0,17.03125,174800.0,
2000-03-22,JKHY,NASDAQ,17.0,18.125,16.625,17.96875,146000.0,
2000-03-23,JKHY,NASDAQ,18.3125,19.0625,18.0,18.53125,190400.0,
2000-03-24,JKHY,NASDAQ,18.71875,18.96875,16.96875,18.53125,360200.0,
2000-03-27,JKHY,NASDAQ,18.5,18.6875,18.0,18.0,233600.0,
2000-03-28,JKHY,NASDAQ,18.125,18.34375,16.9375,17.15625,153800.0,
2000-03-29,JKHY,NASDAQ,17.15625,17.625,16.5,17.1875,128400.0,
2000-03-30,JKHY,NASDAQ,17.0,17.0,16.5,16.59375,161800.0,
2000-03-31,JKHY,NASDAQ,16.75,18.5,16.5625,18.4375,479000.0,
2000-04-03,JKHY,NASDAQ,18.3125,18.5,17.4375,17.5625,421200.0,
2000-04-04,JKHY,NASDAQ,17.5625,17.9375,15.0,16.875,420000.0,
2000-04-05,JKHY,NASDAQ,16.875,18.0,16.875,17.46875,341800.0,
2000-04-06,JKHY,NASDAQ,17.34375,18.21875,17.15625,18.125,509200.0,
2000-04-07,JKHY,NASDAQ,18.375,19.5,18.1875,19.5,664800.0,
2000-04-10,JKHY,NASDAQ,19.5,19.5,17.0,17.3125,313400.0,
2000-04-11,JKHY,NASDAQ,17.25,18.5,17.0,17.921875,277400.0,
2000-04-12,JKHY,NASDAQ,17.625,18.5,17.25,17.90625,182800.0,
2000-04-13,JKHY,NASDAQ,17.875,18.1875,16.8125,16.875,163000.0,
2000-04-14,JKHY,NASDAQ,16.5,16.5,15.8125,15.96875,288000.0,
2000-04-17,JKHY,NASDAQ,15.90625,17.75,15.90625,17.75,326400.0,
2000-04-18,JKHY,NASDAQ,17.75,18.9375,17.15625,18.9375,143800.0,
2000-04-19,JKHY,NASDAQ,19.21875,20.28125,18.375,20.1875,496000.0,
2000-04-20,JKHY,NASDAQ,20.15625,20.25,19.25,19.28125,176000.0,
2000-04-24,JKHY,NASDAQ,19.28125,19.78125,18.0,19.78125,286200.0,
2000-04-25,JKHY,NASDAQ,20.1875,20.5,19.625,19.625,657600.0,
2000-04-26,JKHY,NASDAQ,19.9375,20.65625,18.0,18.0,478400.0,
2000-04-27,JKHY,NASDAQ,18.15625,20.125,17.90625,20.125,453200.0,
2000-04-28,JKHY,NASDAQ,20.15625,20.4375,19.40625,19.75,375400.0,
2000-05-01,JKHY,NASDAQ,19.765625,20.1875,19.5,20.0,201400.0,
2000-05-02,JKHY,NASDAQ,20.0,20.15625,18.6875,18.6875,502400.0,
2000-05-03,JKHY,NASDAQ,19.375,19.5,18.25,19.0,189000.0,
2000-05-04,JKHY,NASDAQ,19.0,20.21875,18.625,19.75,411200.0,
2000-05-05,JKHY,NASDAQ,19.53125,20.1875,19.4375,19.9375,249800.0,
2000-05-08,JKHY,NASDAQ,20.0,20.0,18.25,18.3125,205000.0,
2000-05-09,JKHY,NASDAQ,18.75,19.0,18.0,18.40625,158400.0,
2000-05-10,JKHY,NASDAQ,18.265625,18.375,18.0625,18.15625,110800.0,
2000-05-11,JKHY,NASDAQ,18.0625,19.5,18.0625,19.5,218200.0,
2000-05-12,JKHY,NASDAQ,19.28125,19.46875,18.3125,18.3125,309000.0,
2000-05-15,JKHY,NASDAQ,18.5,18.59375,17.625,18.25,336800.0,
2000-05-16,JKHY,NASDAQ,18.21875,19.1875,18.1875,19.1875,159000.0,
2000-05-17,JKHY,NASDAQ,18.9375,19.9375,18.875,19.90625,308800.0,
2000-05-18,JKHY,NASDAQ,19.75,19.875,18.625,18.625,255400.0,
2000-05-19,JKHY,NASDAQ,18.640625,19.25,18.25,18.625,152200.0,
2000-05-22,JKHY,NASDAQ,18.75,18.75,18.0,18.625,225200.0,
2000-05-23,JKHY,NASDAQ,18.5625,18.625,18.125,18.21875,220000.0,
2000-05-24,JKHY,NASDAQ,18.21875,19.28125,18.15625,18.984375,318200.0,
2000-05-25,JKHY,NASDAQ,18.875,20.0,18.875,19.0,1312000.0,
2000-05-26,JKHY,NASDAQ,19.0,19.59375,18.78125,19.5625,550600.0,
2000-05-30,JKHY,NASDAQ,19.5625,20.125,19.3125,20.0625,688800.0,
2000-05-31,JKHY,NASDAQ,19.40625,22.03125,19.40625,21.7421875,1105600.0,
2000-06-01,JKHY,NASDAQ,22.46875,23.5,22.0,23.34375,1051600.0,
2000-06-02,JKHY,NASDAQ,23.3125,24.875,22.875,24.28125,1123800.0,
2000-06-05,JKHY,NASDAQ,23.96875,23.96875,23.4375,23.53125,341400.0,
2000-06-06,JKHY,NASDAQ,23.46875,23.828125,23.25,23.828125,528400.0,
2000-06-07,JKHY,NASDAQ,23.65625,24.5,23.5,24.5,452000.0,
2000-06-08,JKHY,NASDAQ,24.34375,24.5625,23.6875,24.0,487400.0,
2000-06-09,JKHY,NASDAQ,24.28125,24.5,23.8125,24.21875,164600.0,
2000-06-12,JKHY,NASDAQ,24.34375,24.40625,23.75,24.1875,387600.0,
2000-06-13,JKHY,NASDAQ,23.5625,24.4375,23.4375,24.4375,424400.0,
2000-06-14,JKHY,NASDAQ,24.0,24.375,23.875,24.03125,146800.0,
2000-06-15,JKHY,NASDAQ,24.140625,25.1875,23.75,25.15625,904800.0,
2000-06-16,JKHY,NASDAQ,25.5,26.5,25.125,25.96875,1603000.0,
2000-06-19,JKHY,NASDAQ,26.0,26.0625,24.9375,25.5,416000.0,
2000-06-20,JKHY,NASDAQ,25.8125,26.0625,24.875,25.40625,659800.0,
2000-06-21,JKHY,NASDAQ,25.625,25.625,24.25,24.75,282000.0,
2000-06-22,JKHY,NASDAQ,24.84375,25.75,24.84375,25.125,458600.0,
2000-06-23,JKHY,NASDAQ,25.0,25.28125,22.59375,22.96875,394800.0,
2000-06-26,JKHY,NASDAQ,23.15625,25.5625,22.875,25.4375,363400.0,
2000-06-27,JKHY,NASDAQ,24.8125,24.9375,23.5,24.21875,345400.0,
2000-06-28,JKHY,NASDAQ,24.296875,24.9375,24.296875,24.9375,507400.0,
2000-06-29,JKHY,NASDAQ,24.125,24.4609375,23.3125,24.28125,480600.0,
2000-06-30,JKHY,NASDAQ,24.46875,25.5,23.5,25.0625,1570200.0,
2000-07-03,JKHY,NASDAQ,25.0,25.0,24.25,24.40625,50600.0,
2000-07-05,JKHY,NASDAQ,24.125,25.0625,23.3125,23.53125,260400.0,
2000-07-06,JKHY,NASDAQ,23.65625,24.0,22.9375,23.8125,326600.0,
2000-07-07,JKHY,NASDAQ,24.0,24.75,23.875,24.6875,485800.0,
2000-07-10,JKHY,NASDAQ,24.515625,25.0,23.6640625,24.875,289600.0,
2000-07-11,JKHY,NASDAQ,24.9375,25.5625,24.8125,24.90625,863800.0,
2000-07-12,JKHY,NASDAQ,25.0,25.09375,23.6875,24.4375,295200.0,
2000-07-13,JKHY,NASDAQ,24.328125,24.53125,23.25,24.4375,500200.0,
2000-07-14,JKHY,NASDAQ,23.828125,24.875,23.03125,24.8125,471600.0,
2000-07-17,JKHY,NASDAQ,24.9375,25.3125,24.4375,25.3125,250400.0,
2000-07-18,JKHY,NASDAQ,24.8125,27.25,24.09375,25.8125,483800.0,
2000-07-19,JKHY,NASDAQ,25.3125,26.0625,25.3125,25.6875,254800.0,
2000-07-20,JKHY,NASDAQ,25.5,27.0,25.5,27.0,502000.0,
2000-07-21,JKHY,NASDAQ,26.875,26.96875,24.21875,24.5625,391200.0,
2000-07-24,JKHY,NASDAQ,24.640625,25.03125,23.28125,23.5,207600.0,
2000-07-25,JKHY,NASDAQ,23.625,24.375,23.5,23.875,170600.0,
2000-07-26,JKHY,NASDAQ,23.75,24.125,23.34375,24.0,151000.0,
2000-07-27,JKHY,NASDAQ,23.46875,23.84375,23.4375,23.5,376000.0,
2000-07-28,JKHY,NASDAQ,23.46875,23.5,21.6875,22.125,361800.0,
2000-07-31,JKHY,NASDAQ,21.875,22.5,21.65625,22.4375,266800.0,
2000-08-01,JKHY,NASDAQ,22.75,23.125,22.25,22.46875,219000.0,
2000-08-02,JKHY,NASDAQ,22.6875,22.75,20.9375,21.5,178400.0,
2000-08-03,JKHY,NASDAQ,20.75,22.5,19.40625,22.4375,308200.0,
2000-08-04,JKHY,NASDAQ,22.125,22.3125,21.125,21.5,279000.0,
2000-08-07,JKHY,NASDAQ,21.375,21.375,20.375,20.5625,448200.0,
2000-08-08,JKHY,NASDAQ,20.625,21.0,19.5,19.96875,827200.0,
2000-08-09,JKHY,NASDAQ,21.75,22.8125,21.28125,21.875,1129200.0,
2000-08-10,JKHY,NASDAQ,22.0,23.25,22.0,22.59375,653000.0,
2000-08-11,JKHY,NASDAQ,20.25,21.125,20.125,20.625,5140600.0,
2000-08-14,JKHY,NASDAQ,20.78125,21.25,20.625,20.96875,1010200.0,
2000-08-15,JKHY,NASDAQ,21.0,21.5,21.0,21.3125,764200.0,
2000-08-16,JKHY,NASDAQ,21.34375,21.5625,21.125,21.3125,489600.0,
2000-08-17,JKHY,NASDAQ,21.21875,21.71875,21.0,21.53125,486000.0,
2000-08-18,JKHY,NASDAQ,21.40625,21.6875,21.0625,21.25,228000.0,
2000-08-21,JKHY,NASDAQ,21.5,21.625,21.1875,21.40625,460400.0,
2000-08-22,JKHY,NASDAQ,21.46875,21.6875,21.25,21.5,403400.0,
2000-08-23,JKHY,NASDAQ,21.40625,21.84375,21.1875,21.46875,263000.0,
2000-08-24,JKHY,NASDAQ,21.875,22.15625,21.6875,21.75,499200.0,
2000-08-25,JKHY,NASDAQ,21.875,21.875,21.3125,21.875,152800.0,
2000-08-28,JKHY,NASDAQ,21.8125,22.5,21.5,22.125,360200.0,
2000-08-29,JKHY,NASDAQ,22.09375,22.78125,22.09375,22.5,490000.0,
2000-08-30,JKHY,NASDAQ,22.53125,22.875,22.4375,22.5,224800.0,
2000-08-31,JKHY,NASDAQ,22.75,22.9375,22.03125,22.1875,629800.0,
2000-09-01,JKHY,NASDAQ,22.28125,22.3125,21.875,22.0,327400.0,
2000-09-05,JKHY,NASDAQ,21.8125,21.875,21.375,21.375,289200.0,
2000-09-06,JKHY,NASDAQ,21.625,21.625,21.21875,21.34375,261600.0,
2000-09-07,JKHY,NASDAQ,21.8125,22.1875,21.625,21.65625,279800.0,
2000-09-08,JKHY,NASDAQ,21.59375,22.34375,21.5625,22.28125,927800.0,
2000-09-11,JKHY,NASDAQ,22.3125,22.3125,22.03125,22.1953125,372800.0,
2000-09-12,JKHY,NASDAQ,22.125,22.625,22.0625,22.28125,450000.0,
2000-09-13,JKHY,NASDAQ,22.0625,22.875,22.0625,22.75,295600.0,
2000-09-14,JKHY,NASDAQ,22.875,23.1875,22.5,23.0,855200.0,
2000-09-15,JKHY,NASDAQ,22.96875,23.25,22.5,22.5625,317200.0,
2000-09-18,JKHY,NASDAQ,22.5625,22.9375,21.6875,21.875,424800.0,
2000-09-19,JKHY,NASDAQ,21.78125,22.0,21.46875,22.0,234200.0,
2000-09-20,JKHY,NASDAQ,21.15625,21.53125,21.125,21.5,437200.0,
2000-09-21,JKHY,NASDAQ,21.671875,21.6875,21.0,21.0,154600.0,
2000-09-22,JKHY,NASDAQ,20.125,22.0625,19.875,21.875,803000.0,
2000-09-25,JKHY,NASDAQ,21.921875,22.4375,21.53125,22.1875,271600.0,
2000-09-26,JKHY,NASDAQ,22.125,22.25,21.75,22.03125,376600.0,
2000-09-27,JKHY,NASDAQ,21.96875,22.1875,21.875,22.0625,320600.0,
2000-09-28,JKHY,NASDAQ,21.6875,23.125,21.1875,22.9375,413200.0,
2000-09-29,JKHY,NASDAQ,22.875,22.9375,21.625,21.6875,579000.0,
2000-10-02,JKHY,NASDAQ,21.71875,22.375,21.625,22.0625,110400.0,
2000-10-03,JKHY,NASDAQ,22.09375,22.3125,20.6875,20.9375,604600.0,
2000-10-04,JKHY,NASDAQ,20.9453125,21.96875,20.875,21.96875,289000.0,
2000-10-05,JKHY,NASDAQ,21.46875,22.5,21.4375,22.40625,359000.0,
2000-10-06,JKHY,NASDAQ,22.03125,22.5,21.5,22.25,273800.0,
2000-10-09,JKHY,NASDAQ,22.125,22.8125,21.875,22.75,214600.0,
2000-10-10,JKHY,NASDAQ,22.46875,23.125,21.875,22.5,472200.0,
2000-10-11,JKHY,NASDAQ,21.828125,23.625,21.8125,23.5,434400.0,
2000-10-12,JKHY,NASDAQ,23.4375,24.25,22.9375,24.125,627400.0,
2000-10-13,JKHY,NASDAQ,24.375,24.5625,23.75,24.375,326000.0,
2000-10-16,JKHY,NASDAQ,24.1875,25.625,24.125,24.8125,906800.0,
2000-10-17,JKHY,NASDAQ,25.125,25.375,24.5,24.875,540800.0,
2000-10-18,JKHY,NASDAQ,24.734375,25.5625,24.21875,25.25,477800.0,
2000-10-19,JKHY,NASDAQ,25.75,25.8125,24.8125,25.5625,498800.0,
2000-10-20,JKHY,NASDAQ,25.5625,25.8125,25.125,25.34375,249200.0,
2000-10-23,JKHY,NASDAQ,24.9375,26.2421875,24.9375,25.75,291000.0,
2000-10-24,JKHY,NASDAQ,25.5625,27.0625,25.5625,26.5625,659200.0,
2000-10-25,JKHY,NASDAQ,26.5,27.65625,26.5,27.25,705400.0,
2000-10-26,JKHY,NASDAQ,27.0625,29.125,26.8125,28.875,754000.0,
2000-10-27,JKHY,NASDAQ,27.46875,27.5625,27.09375,27.4375,854800.0,
2000-10-30,JKHY,NASDAQ,27.75,27.8125,25.9375,26.5,367200.0,
2000-10-31,JKHY,NASDAQ,26.515625,27.8125,26.25,27.5,854800.0,
2000-11-01,JKHY,NASDAQ,27.375,28.0,27.0,27.9375,677000.0,
2000-11-02,JKHY,NASDAQ,27.921875,28.125,27.15625,27.5,300800.0,
2000-11-03,JKHY,NASDAQ,27.4375,28.25,27.34375,28.25,372200.0,
2000-11-06,JKHY,NASDAQ,28.25,28.5625,27.875,28.0625,455000.0,
2000-11-07,JKHY,NASDAQ,28.109375,28.8125,28.09375,28.25,722800.0,
2000-11-08,JKHY,NASDAQ,28.359375,28.75,28.25,28.390625,639600.0,
2000-11-09,JKHY,NASDAQ,28.125,28.875,28.0,28.65625,492400.0,
2000-11-10,JKHY,NASDAQ,28.3828125,28.8125,28.375,28.625,467600.0,
2000-11-13,JKHY,NASDAQ,28.46875,28.5,26.6875,27.5,471200.0,
2000-11-14,JKHY,NASDAQ,27.5625,28.625,27.3125,27.78125,715000.0,
2000-11-15,JKHY,NASDAQ,27.78125,27.96875,27.5,27.59375,575800.0,
2000-11-16,JKHY,NASDAQ,27.796875,27.8125,26.25,26.34375,586000.0,
2000-11-17,JKHY,NASDAQ,26.40625,27.125,25.5,26.875,365400.0,
2000-11-20,JKHY,NASDAQ,26.4375,26.6875,25.875,26.375,412000.0,
2000-11-21,JKHY,NASDAQ,26.28125,26.4375,25.8125,26.4375,348000.0,
2000-11-22,JKHY,NASDAQ,26.4375,26.53125,24.1875,25.0,360200.0,
2000-11-24,JKHY,NASDAQ,24.8125,26.0,24.8125,26.0,61800.0,
2000-11-27,JKHY,NASDAQ,26.1875,27.5,26.0,27.21875,288800.0,
2000-11-28,JKHY,NASDAQ,27.25,27.3125,24.0,24.34375,426800.0,
2000-11-29,JKHY,NASDAQ,25.046875,26.0625,25.03125,25.53125,309400.0,
2000-11-30,JKHY,NASDAQ,25.703125,27.1875,23.84375,26.8125,1387000.0,
2000-12-01,JKHY,NASDAQ,26.5625,28.25,26.5,28.25,415600.0,
2000-12-04,JKHY,NASDAQ,28.28125,28.625,27.625,28.5,675800.0,
2000-12-05,JKHY,NASDAQ,28.5,29.9375,28.375,29.625,968400.0,
2000-12-06,JKHY,NASDAQ,30.0,31.65625,29.375,29.625,1729200.0,
2000-12-07,JKHY,NASDAQ,30.375,31.0625,30.0,30.4375,785200.0,
2000-12-08,JKHY,NASDAQ,31.0625,31.25,29.8125,30.25,1023400.0,
2000-12-11,JKHY,NASDAQ,30.5,30.75,28.75,30.46875,1182000.0,
2000-12-12,JKHY,NASDAQ,30.71875,31.25,29.25,29.4375,7493000.0,
2000-12-13,JKHY,NASDAQ,30.15625,30.75,29.25,29.4375,1706800.0,
2000-12-14,JKHY,NASDAQ,29.6875,29.8125,28.6875,29.34375,759200.0,
2000-12-15,JKHY,NASDAQ,29.375,29.625,29.0,29.1015625,1208400.0,
2000-12-18,JKHY,NASDAQ,29.125,29.5625,28.75,29.1875,515800.0,
2000-12-19,JKHY,NASDAQ,29.125,29.8125,28.75,28.84375,561000.0,
2000-12-20,JKHY,NASDAQ,28.78125,28.8125,26.0625,26.75,1496000.0,
2000-12-21,JKHY,NASDAQ,26.515625,26.9375,25.28125,26.5,795400.0,
2000-12-22,JKHY,NASDAQ,26.5,30.4375,26.5,28.625,1311800.0,
2000-12-26,JKHY,NASDAQ,29.0,30.5,28.5,29.1875,781400.0,
2000-12-27,JKHY,NASDAQ,29.125,31.5,28.6875,31.46875,679800.0,
2000-12-28,JKHY,NASDAQ,31.34375,33.125,31.0625,31.1875,1417600.0,
2000-12-29,JKHY,NASDAQ,31.09375,32.25,30.5,31.0625,599200.0,
2001-01-02,JKHY,NASDAQ,31.125,31.375,30.125,30.40625,1084400.0,
2001-01-03,JKHY,NASDAQ,30.375,30.421875,29.0,29.8203125,1686600.0,
2001-01-04,JKHY,NASDAQ,29.515625,30.0,28.1875,28.25,523600.0,
2001-01-05,JKHY,NASDAQ,28.578125,29.125,27.78125,28.75,764800.0,
2001-01-08,JKHY,NASDAQ,28.734375,29.0625,28.5625,28.8125,667800.0,
2001-01-09,JKHY,NASDAQ,29.0,29.0625,28.4375,28.5,878400.0,
2001-01-10,JKHY,NASDAQ,28.5078125,30.9375,28.46875,30.78125,921000.0,
2001-01-11,JKHY,NASDAQ,30.3125,31.25,29.625,30.4375,549800.0,
2001-01-12,JKHY,NASDAQ,30.484375,30.53125,29.84375,30.0,515400.0,
2001-01-16,JKHY,NASDAQ,29.96875,30.0,27.875,27.96875,815600.0,
2001-01-17,JKHY,NASDAQ,28.53125,28.8125,23.28125,23.40625,4856200.0,
2001-01-18,JKHY,NASDAQ,24.234375,24.25,23.3125,23.4375,2421600.0,
2001-01-19,JKHY,NASDAQ,23.71875,23.71875,20.1875,21.9609375,2303600.0,
2001-01-22,JKHY,NASDAQ,21.78125,23.25,21.3125,21.34375,1178400.0,
2001-01-23,JKHY,NASDAQ,21.75,21.9375,19.8125,20.75,3542200.0,
2001-01-24,JKHY,NASDAQ,21.125,22.21875,20.75,21.78125,2924800.0,
2001-01-25,JKHY,NASDAQ,21.75,22.0625,20.7265625,21.4375,1159600.0,
2001-01-26,JKHY,NASDAQ,21.5,22.5625,21.0,22.28125,861800.0,
2001-01-29,JKHY,NASDAQ,22.609375,23.71875,22.1875,23.71875,887800.0,
2001-01-30,JKHY,NASDAQ,24.0625,24.25,23.0,23.9375,678800.0,
2001-01-31,JKHY,NASDAQ,24.0,24.09375,22.125,22.8125,797600.0,
2001-02-01,JKHY,NASDAQ,22.9375,23.28125,22.625,23.0,325400.0,
2001-02-02,JKHY,NASDAQ,23.1875,23.625,22.75,22.75,350200.0,
2001-02-05,JKHY,NASDAQ,23.1875,24.625,22.9375,24.4375,742600.0,
2001-02-06,JKHY,NASDAQ,24.875,25.4375,24.3125,24.53125,884400.0,
2001-02-07,JKHY,NASDAQ,24.40625,24.59375,23.90625,24.4375,547600.0,
2001-02-08,JKHY,NASDAQ,24.21875,24.6875,24.1875,24.5,392600.0,
2001-02-09,JKHY,NASDAQ,24.5,24.5,24.0,24.34375,501200.0,
2001-02-12,JKHY,NASDAQ,24.4375,24.5,23.9375,24.21875,467800.0,
2001-02-13,JKHY,NASDAQ,24.5625,25.15625,24.0,24.0625,246400.0,
2001-02-14,JKHY,NASDAQ,24.0,24.6796875,23.8125,24.375,338000.0,
2001-02-15,JKHY,NASDAQ,24.75,24.9921875,24.0625,24.5,446800.0,
2001-02-16,JKHY,NASDAQ,24.0,24.6875,23.875,24.3125,415600.0,
2001-02-20,JKHY,NASDAQ,24.4375,24.71875,23.40625,23.40625,233200.0,
2001-02-21,JKHY,NASDAQ,23.3125,23.3125,22.625,23.125,515400.0,
2001-02-22,JKHY,NASDAQ,22.9375,23.0,22.0,22.15625,1137400.0,
2001-02-23,JKHY,NASDAQ,22.078125,22.25,21.09375,22.15625,1111000.0,
2001-02-26,JKHY,NASDAQ,22.375,22.4375,21.5625,22.25,1213600.0,
2001-02-27,JKHY,NASDAQ,22.21875,23.125,22.21875,22.90625,1470600.0,
2001-02-28,JKHY,NASDAQ,23.046875,23.28125,22.5,22.84375,459000.0,
2001-03-01,JKHY,NASDAQ,22.875,23.34375,21.0625,23.21875,478000.0,
2001-03-02,JKHY,NASDAQ,22.75,23.875,22.625,23.5625,547200.0,
2001-03-05,JKHY,NASDAQ,23.625,23.875,23.0,23.5,272700.0,
2001-03-06,JKHY,NASDAQ,23.6875,24.5,23.25,23.875,325700.0,
2001-03-07,JKHY,NASDAQ,24.125,25.25,23.5,24.5,564400.0,
2001-03-08,JKHY,NASDAQ,24.9375,25.0,23.5,24.75,884300.0,
2001-03-09,JKHY,NASDAQ,24.34375,24.9375,23.875,24.4375,376300.0,
2001-03-12,JKHY,NASDAQ,24.25,25.375,24.0625,24.25,566400.0,
2001-03-13,JKHY,NASDAQ,24.34375,25.25,23.8125,24.875,946000.0,
2001-03-14,JKHY,NASDAQ,24.6875,26.25,24.5,25.125,507600.0,
2001-03-15,JKHY,NASDAQ,25.0,25.5,24.8125,24.953125,713100.0,
2001-03-16,JKHY,NASDAQ,24.8125,25.375,24.0,24.3125,745700.0,
2001-03-19,JKHY,NASDAQ,24.375,25.125,22.75,23.375,535700.0,
2001-03-20,JKHY,NASDAQ,23.34375,23.5,22.5625,23.125,519100.0,
2001-03-21,JKHY,NASDAQ,22.5,23.375,20.75,23.125,1015100.0,
2001-03-22,JKHY,NASDAQ,23.25,24.75,21.75,24.5,479000.0,
2001-03-23,JKHY,NASDAQ,23.5625,24.5,23.25,23.9375,460900.0,
2001-03-26,JKHY,NASDAQ,23.875,25.375,23.625,24.25,478700.0,
2001-03-27,JKHY,NASDAQ,24.5,24.9375,23.6875,24.75,264500.0,
2001-03-28,JKHY,NASDAQ,24.375,24.5,23.625,23.75,407200.0,
2001-03-29,JKHY,NASDAQ,24.0,24.0,22.25,23.0,278900.0,
2001-03-30,JKHY,NASDAQ,23.5,25.0,22.9375,23.6875,781200.0,
2001-04-02,JKHY,NASDAQ,23.9375,23.96875,20.1875,20.8125,1007300.0,
2001-04-03,JKHY,NASDAQ,20.875,21.0,18.75,19.3125,1179900.0,
2001-04-04,JKHY,NASDAQ,19.1875,19.625,18.5625,18.875,705800.0,
2001-04-05,JKHY,NASDAQ,19.3125,21.875,19.3125,21.625,1294700.0,
2001-04-06,JKHY,NASDAQ,21.0625,21.125,19.6875,20.5625,742700.0,
2001-04-09,JKHY,NASDAQ,21.14,21.29,20.4,20.59,239700.0,
2001-04-10,JKHY,NASDAQ,20.6,22.36,20.6,22.13,867200.0,
2001-04-11,JKHY,NASDAQ,22.76,23.37,22.65,23.37,682800.0,
2001-04-12,JKHY,NASDAQ,22.61,23.83,22.41,23.71,374700.0,
2001-04-16,JKHY,NASDAQ,23.28,24.6,23.15,24.12,594300.0,
2001-04-17,JKHY,NASDAQ,24.295,25.68,24.29,25.32,1070500.0,
2001-04-18,JKHY,NASDAQ,26.185,27.0,26.13,26.24,866400.0,
2001-04-19,JKHY,NASDAQ,26.2,27.49,25.63,27.3,656700.0,
2001-04-20,JKHY,NASDAQ,26.905,28.84,26.9,27.5,825600.0,
2001-04-23,JKHY,NASDAQ,27.54,27.84,26.76,27.4,273100.0,
2001-04-24,JKHY,NASDAQ,27.165,27.85,26.4,26.56,532900.0,
2001-04-25,JKHY,NASDAQ,26.47,28.11,26.47,28.1,960900.0,
2001-04-26,JKHY,NASDAQ,28.055,29.1,27.79,28.06,520200.0,
2001-04-27,JKHY,NASDAQ,28.315,28.74,27.1,28.36,491800.0,
2001-04-30,JKHY,NASDAQ,29.06,29.07,27.61,28.19,384000.0,
2001-05-01,JKHY,NASDAQ,27.84,28.3,27.84,28.24,452400.0,
2001-05-02,JKHY,NASDAQ,28.28,28.73,28.0,28.63,988700.0,
2001-05-03,JKHY,NASDAQ,28.695,29.0,28.05,29.0,374600.0,
2001-05-04,JKHY,NASDAQ,28.4,29.5,28.0,29.23,381500.0,
2001-05-07,JKHY,NASDAQ,29.41,29.48,28.6,28.93,334500.0,
2001-05-08,JKHY,NASDAQ,29.12,29.12,27.9,28.03,941200.0,
2001-05-09,JKHY,NASDAQ,27.9,27.91,26.9,26.95,723200.0,
2001-05-10,JKHY,NASDAQ,26.95,27.7,26.68,27.0,441200.0,
2001-05-11,JKHY,NASDAQ,26.78,27.0,26.0,26.1,186500.0,
2001-05-14,JKHY,NASDAQ,26.1,26.15,24.8,25.42,437200.0,
2001-05-15,JKHY,NASDAQ,25.6,26.75,25.6,26.7,261300.0,
2001-05-16,JKHY,NASDAQ,26.69,27.49,26.09,27.07,332900.0,
2001-05-17,JKHY,NASDAQ,26.9,27.45,26.75,27.45,219900.0,
2001-05-18,JKHY,NASDAQ,27.0,27.35,26.04,26.45,394400.0,
2001-05-21,JKHY,NASDAQ,26.46,28.8,26.02,28.79,583900.0,
2001-05-22,JKHY,NASDAQ,28.87,29.14,28.4,28.93,581800.0,
2001-05-23,JKHY,NASDAQ,28.655,28.7,27.7,28.47,454900.0,
2001-05-24,JKHY,NASDAQ,28.465,29.03,28.35,28.65,487700.0,
2001-05-25,JKHY,NASDAQ,28.62,29.01,28.62,29.01,165400.0,
2001-05-29,JKHY,NASDAQ,28.75,29.5,28.69,29.06,822000.0,
2001-05-30,JKHY,NASDAQ,28.75,29.0,28.4,28.52,323700.0,
2001-05-31,JKHY,NASDAQ,28.975,29.4,28.6,29.15,446400.0,
2001-06-01,JKHY,NASDAQ,29.28,29.4,28.91,29.2,239000.0,
2001-06-04,JKHY,NASDAQ,29.39,29.99,29.39,29.95,460100.0,
2001-06-05,JKHY,NASDAQ,29.96,30.25,29.85,30.0,682500.0,
2001-06-06,JKHY,NASDAQ,30.09,30.11,29.12,29.64,340400.0,
2001-06-07,JKHY,NASDAQ,29.505,29.94,29.33,29.5,186200.0,
2001-06-08,JKHY,NASDAQ,29.05,29.7,28.57,29.47,268900.0,
2001-06-11,JKHY,NASDAQ,29.245,29.39,29.14,29.22,183400.0,
2001-06-12,JKHY,NASDAQ,29.22,29.29,27.63,28.78,484600.0,
2001-06-13,JKHY,NASDAQ,28.505,29.18,27.9,28.12,117800.0,
2001-06-14,JKHY,NASDAQ,28.155,28.25,27.58,27.9,210500.0,
2001-06-15,JKHY,NASDAQ,27.86,28.16,27.1,27.45,373500.0,
2001-06-18,JKHY,NASDAQ,27.8,28.25,27.05,27.15,218800.0,
2001-06-19,JKHY,NASDAQ,27.09,28.12,26.12,27.63,316400.0,
2001-06-20,JKHY,NASDAQ,27.57,29.49,27.57,29.32,312600.0,
2001-06-21,JKHY,NASDAQ,29.35,29.49,28.03,29.0,230700.0,
2001-06-22,JKHY,NASDAQ,29.235,29.62,28.55,29.31,224500.0,
2001-06-25,JKHY,NASDAQ,29.2,29.5,28.84,28.86,461500.0,
2001-06-26,JKHY,NASDAQ,28.8,29.2,28.31,28.97,1267000.0,
2001-06-27,JKHY,NASDAQ,29.05,30.0,28.75,29.65,335500.0,
2001-06-28,JKHY,NASDAQ,29.89,30.13,29.84,29.84,391600.0,
2001-06-29,JKHY,NASDAQ,29.91,31.19,29.75,31.0,362100.0,
2001-07-02,JKHY,NASDAQ,30.62,31.3,29.9,31.14,331800.0,
2001-07-03,JKHY,NASDAQ,30.75,31.5,30.15,31.37,362400.0,
2001-07-05,JKHY,NASDAQ,31.1,31.14,30.5,30.74,298300.0,
2001-07-06,JKHY,NASDAQ,30.92,30.92,30.12,30.4,274100.0,
2001-07-09,JKHY,NASDAQ,30.5,30.52,30.1,30.29,234800.0,
2001-07-10,JKHY,NASDAQ,30.285,30.3,29.57,29.95,670500.0,
2001-07-11,JKHY,NASDAQ,29.69,30.28,29.6,30.0,837300.0,
2001-07-12,JKHY,NASDAQ,30.1,31.19,29.97,30.88,487900.0,
2001-07-13,JKHY,NASDAQ,30.85,32.0,30.44,31.51,232500.0,
2001-07-16,JKHY,NASDAQ,31.49,31.88,30.72,31.32,333400.0,
2001-07-17,JKHY,NASDAQ,31.085,31.6,30.55,31.39,383800.0,
2001-07-18,JKHY,NASDAQ,31.38,33.24,31.19,31.29,912500.0,
2001-07-19,JKHY,NASDAQ,31.11,31.97,31.0,31.01,343200.0,
2001-07-20,JKHY,NASDAQ,31.01,31.25,30.5,30.7,229100.0,
2001-07-23,JKHY,NASDAQ,30.49,30.5,26.0,26.17,1608900.0,
2001-07-24,JKHY,NASDAQ,27.13,28.05,26.2,27.27,1058100.0,
2001-07-25,JKHY,NASDAQ,27.5,28.2,27.01,27.85,382900.0,
2001-07-26,JKHY,NASDAQ,27.9,28.9,27.9,28.66,496500.0,
2001-07-27,JKHY,NASDAQ,28.66,28.66,27.84,28.2,492900.0,
2001-07-30,JKHY,NASDAQ,28.13,28.64,27.9,28.54,225100.0,
2001-07-31,JKHY,NASDAQ,28.25,29.2,27.85,28.27,274600.0,
2001-08-01,JKHY,NASDAQ,28.49,29.02,27.9,28.68,815200.0,
2001-08-02,JKHY,NASDAQ,28.46,29.05,28.2,28.59,243600.0,
2001-08-03,JKHY,NASDAQ,28.66,28.99,27.75,28.41,244600.0,
2001-08-06,JKHY,NASDAQ,27.95,28.26,27.6,27.91,104600.0,
2001-08-07,JKHY,NASDAQ,27.9,27.92,26.8,27.23,260500.0,
2001-08-08,JKHY,NASDAQ,27.06,27.68,26.91,27.05,109500.0,
2001-08-09,JKHY,NASDAQ,27.01,27.05,26.28,26.55,355900.0,
2001-08-10,JKHY,NASDAQ,26.05,26.24,25.15,25.8,510400.0,
2001-08-13,JKHY,NASDAQ,25.79,26.0,24.99,25.0,426700.0,
2001-08-14,JKHY,NASDAQ,25.35,26.11,24.95,25.2,646200.0,
2001-08-15,JKHY,NASDAQ,25.34,25.54,24.8,25.15,394900.0,
2001-08-16,JKHY,NASDAQ,25.1,25.76,24.85,25.5,367700.0,
2001-08-17,JKHY,NASDAQ,25.05,25.49,24.42,25.1,225700.0,
2001-08-20,JKHY,NASDAQ,24.9,25.64,24.81,25.21,184600.0,
2001-08-21,JKHY,NASDAQ,25.25,25.75,25.24,25.35,830000.0,
2001-08-22,JKHY,NASDAQ,25.26,25.89,25.09,25.72,561000.0,
2001-08-23,JKHY,NASDAQ,25.735,26.06,25.4,25.52,267400.0,
2001-08-24,JKHY,NASDAQ,25.55,25.96,25.05,25.43,160600.0,
2001-08-27,JKHY,NASDAQ,25.32,25.38,24.7,24.7,292500.0,
2001-08-28,JKHY,NASDAQ,24.9,24.9,24.45,24.55,875100.0,
2001-08-29,JKHY,NASDAQ,24.45,24.6,24.25,24.6,548100.0,
2001-08-30,JKHY,NASDAQ,24.15,25.25,24.1,24.71,473900.0,
2001-08-31,JKHY,NASDAQ,24.7,25.7,24.61,25.6,598800.0,
2001-09-04,JKHY,NASDAQ,25.26,26.48,25.26,26.3,579800.0,
2001-09-05,JKHY,NASDAQ,25.9,25.9,24.64,24.71,447900.0,
2001-09-06,JKHY,NASDAQ,24.55,24.91,23.46,23.67,521200.0,
2001-09-07,JKHY,NASDAQ,23.67,23.85,23.46,23.65,278100.0,
2001-09-10,JKHY,NASDAQ,24.26,24.9,22.65,22.65,343100.0,
2001-09-17,JKHY,NASDAQ,22.0,24.42,21.43,22.45,648300.0,
2001-09-18,JKHY,NASDAQ,22.25,22.7,21.64,22.29,317200.0,
2001-09-19,JKHY,NASDAQ,22.26,22.55,21.39,22.15,396300.0,
2001-09-20,JKHY,NASDAQ,22.15,22.3,21.4,21.56,458800.0,
2001-09-21,JKHY,NASDAQ,20.15,21.11,20.0,20.8,497600.0,
2001-09-24,JKHY,NASDAQ,20.92,21.85,20.84,21.01,468800.0,
2001-09-25,JKHY,NASDAQ,21.4,21.8,20.95,21.39,535300.0,
2001-09-26,JKHY,NASDAQ,21.59,21.6,20.81,21.24,367500.0,
2001-09-27,JKHY,NASDAQ,21.15,22.15,20.0,22.01,862200.0,
2001-09-28,JKHY,NASDAQ,22.0,22.85,21.52,22.69,433100.0,
2001-10-01,JKHY,NASDAQ,22.7,22.8,21.09,22.0,634700.0,
2001-10-02,JKHY,NASDAQ,22.04,22.08,21.07,21.15,885300.0,
2001-10-03,JKHY,NASDAQ,21.25,23.75,20.98,23.15,997100.0,
2001-10-04,JKHY,NASDAQ,23.49,23.9,22.3,23.06,593200.0,
2001-10-05,JKHY,NASDAQ,23.0,23.6,22.1,22.5,220900.0,
2001-10-08,JKHY,NASDAQ,22.7,23.24,22.4,22.9,166000.0,
2001-10-09,JKHY,NASDAQ,22.89,24.29,22.85,23.95,531200.0,
2001-10-10,JKHY,NASDAQ,23.7,25.16,23.7,24.35,406400.0,
2001-10-11,JKHY,NASDAQ,24.59,24.89,22.76,23.0,1240500.0,
2001-10-12,JKHY,NASDAQ,22.9,24.0,22.5,23.9,319900.0,
2001-10-15,JKHY,NASDAQ,23.85,23.85,22.55,23.4,497300.0,
2001-10-16,JKHY,NASDAQ,23.4,23.5,21.74,22.0,822800.0,
2001-10-17,JKHY,NASDAQ,22.24,23.18,22.23,22.94,377400.0,
2001-10-18,JKHY,NASDAQ,22.95,23.7,22.7,23.34,276600.0,
2001-10-19,JKHY,NASDAQ,23.24,23.91,23.16,23.61,780800.0,
2001-10-22,JKHY,NASDAQ,23.65,24.25,23.5,24.0,300800.0,
2001-10-23,JKHY,NASDAQ,24.11,25.0,23.92,24.8,1202900.0,
2001-10-24,JKHY,NASDAQ,24.69,25.52,24.6,25.24,432700.0,
2001-10-25,JKHY,NASDAQ,24.8,25.69,24.5,25.18,317900.0,
2001-10-26,JKHY,NASDAQ,25.17,25.55,24.4,25.38,391900.0,
2001-10-29,JKHY,NASDAQ,25.26,25.44,24.2,24.61,612400.0,
2001-10-30,JKHY,NASDAQ,24.55,24.75,23.54,24.01,208600.0,
2001-10-31,JKHY,NASDAQ,24.0,25.09,23.9,24.66,434200.0,
2001-11-01,JKHY,NASDAQ,24.9,24.95,24.3,24.88,367600.0,
2001-11-02,JKHY,NASDAQ,24.66,25.25,24.51,25.14,347500.0,
2001-11-05,JKHY,NASDAQ,25.2,26.07,25.2,25.65,288100.0,
2001-11-06,JKHY,NASDAQ,25.695,27.0,25.56,26.89,416500.0,
2001-11-07,JKHY,NASDAQ,27.05,27.07,25.69,25.9,338400.0,
2001-11-08,JKHY,NASDAQ,26.22,26.5,25.83,26.09,305400.0,
2001-11-09,JKHY,NASDAQ,25.85,26.1,25.47,25.66,174500.0,
2001-11-12,JKHY,NASDAQ,25.66,25.66,24.75,25.25,181400.0,
2001-11-13,JKHY,NASDAQ,25.3,25.75,25.2,25.49,245800.0,
2001-11-14,JKHY,NASDAQ,25.45,26.15,25.45,25.64,279500.0,
2001-11-15,JKHY,NASDAQ,25.72,25.97,24.92,24.97,330300.0,
2001-11-16,JKHY,NASDAQ,25.0,25.0,24.27,24.48,598000.0,
2001-11-19,JKHY,NASDAQ,24.45,24.75,24.25,24.6,473200.0,
2001-11-20,JKHY,NASDAQ,24.6,24.69,24.05,24.5,1126700.0,
2001-11-21,JKHY,NASDAQ,24.5,25.12,24.05,24.95,788700.0,
2001-11-23,JKHY,NASDAQ,25.08,25.2,24.95,25.0,252200.0,
2001-11-26,JKHY,NASDAQ,25.14,25.4,24.95,25.0,346200.0,
2001-11-27,JKHY,NASDAQ,25.05,25.3,24.55,25.13,344200.0,
2001-11-28,JKHY,NASDAQ,25.2,25.2,24.8,24.95,180000.0,
2001-11-29,JKHY,NASDAQ,24.965,25.19,24.49,24.8,453000.0,
2001-11-30,JKHY,NASDAQ,24.9,24.9,23.87,23.89,371000.0,
2001-12-03,JKHY,NASDAQ,23.8,24.3,23.06,24.08,549700.0,
2001-12-04,JKHY,NASDAQ,24.06,24.3,24.05,24.15,587400.0,
2001-12-05,JKHY,NASDAQ,24.18,24.88,23.95,24.09,1058000.0,
2001-12-06,JKHY,NASDAQ,24.04,24.3,23.27,23.61,880500.0,
2001-12-07,JKHY,NASDAQ,24.24,24.41,23.31,23.87,1130700.0,
2001-12-10,JKHY,NASDAQ,23.77,23.86,23.11,23.2,465200.0,
2001-12-11,JKHY,NASDAQ,23.15,23.53,22.44,23.04,743200.0,
2001-12-12,JKHY,NASDAQ,23.07,23.25,22.76,23.02,550200.0,
2001-12-13,JKHY,NASDAQ,20.5,20.5,19.05,19.95,6486500.0,
2001-12-14,JKHY,NASDAQ,20.57,20.57,19.66,20.05,1711500.0,
2001-12-17,JKHY,NASDAQ,20.27,20.3,19.7,19.86,678400.0,
2001-12-18,JKHY,NASDAQ,19.9,20.27,19.73,20.11,1398300.0,
2001-12-19,JKHY,NASDAQ,20.25,20.4,19.9,20.25,1059400.0,
2001-12-20,JKHY,NASDAQ,20.25,20.4,20.1,20.15,1184600.0,
2001-12-21,JKHY,NASDAQ,20.03,20.35,19.58,19.71,1847300.0,
2001-12-24,JKHY,NASDAQ,20.15,20.4,19.8,20.19,307800.0,
2001-12-26,JKHY,NASDAQ,20.45,20.91,20.1,20.6,513700.0,
2001-12-27,JKHY,NASDAQ,20.4,21.33,20.12,21.1,441900.0,
2001-12-28,JKHY,NASDAQ,21.68,22.27,21.071,21.82,929100.0,
2001-12-31,JKHY,NASDAQ,21.69,22.04,21.5,21.84,1013900.0,
2002-01-02,JKHY,NASDAQ,22.11,22.4,21.6,22.04,919000.0,
2002-01-03,JKHY,NASDAQ,21.92,22.25,21.75,22.25,933300.0,
2002-01-04,JKHY,NASDAQ,22.26,22.7,22.05,22.55,623900.0,
2002-01-07,JKHY,NASDAQ,22.86,22.94,22.59,22.83,410100.0,
2002-01-08,JKHY,NASDAQ,22.93,23.04,22.39,22.8,687300.0,
2002-01-09,JKHY,NASDAQ,22.61,23.41,22.61,23.15,659300.0,
2002-01-10,JKHY,NASDAQ,22.96,23.5,22.8,23.39,851200.0,
2002-01-11,JKHY,NASDAQ,23.44,23.55,23.23,23.55,429100.0,
2002-01-14,JKHY,NASDAQ,23.5,23.55,22.22,22.6,921500.0,
2002-01-15,JKHY,NASDAQ,22.53,23.1,22.3,22.85,872000.0,
2002-01-16,JKHY,NASDAQ,22.77,22.83,21.63,21.88,903100.0,
2002-01-17,JKHY,NASDAQ,21.93,22.2,21.7,21.94,803500.0,
2002-01-18,JKHY,NASDAQ,21.77,21.84,20.82,21.65,525000.0,
2002-01-22,JKHY,NASDAQ,21.65,21.89,21.0,21.65,603600.0,
2002-01-23,JKHY,NASDAQ,21.6,22.15,21.5,21.98,602200.0,
2002-01-24,JKHY,NASDAQ,22.0,22.479,21.979,22.04,491800.0,
2002-01-25,JKHY,NASDAQ,22.0,22.42,21.6,22.02,402800.0,
2002-01-28,JKHY,NASDAQ,21.91,22.25,21.55,21.98,422400.0,
2002-01-29,JKHY,NASDAQ,21.95,22.01,20.94,21.01,523600.0,
2002-01-30,JKHY,NASDAQ,21.21,21.72,20.95,21.48,465100.0,
2002-01-31,JKHY,NASDAQ,21.4,22.24,21.06,21.78,339100.0,
2002-02-01,JKHY,NASDAQ,21.72,22.3,21.66,22.15,539700.0,
2002-02-04,JKHY,NASDAQ,21.87,21.88,21.01,21.53,480300.0,
2002-02-05,JKHY,NASDAQ,21.6,22.2,21.38,21.73,412000.0,
2002-02-06,JKHY,NASDAQ,21.715,22.0,21.221,21.81,217300.0,
2002-02-07,JKHY,NASDAQ,21.65,21.665,20.93,20.93,287700.0,
2002-02-08,JKHY,NASDAQ,21.15,21.71,20.9,21.59,467900.0,
2002-02-11,JKHY,NASDAQ,21.5,22.06,21.33,22.0,302200.0,
2002-02-12,JKHY,NASDAQ,21.78,22.425,21.45,21.63,546000.0,
2002-02-13,JKHY,NASDAQ,21.85,22.15,21.61,21.88,287500.0,
2002-02-14,JKHY,NASDAQ,22.05,22.21,21.93,22.21,286500.0,
2002-02-15,JKHY,NASDAQ,22.15,22.18,21.5,21.9,312100.0,
2002-02-19,JKHY,NASDAQ,21.85,21.88,21.12,21.47,222600.0,
2002-02-20,JKHY,NASDAQ,21.48,22.06,21.26,21.71,604700.0,
2002-02-21,JKHY,NASDAQ,21.84,21.84,20.83,20.83,236200.0,
2002-02-22,JKHY,NASDAQ,21.0,22.0,20.8,21.94,371500.0,
2002-02-25,JKHY,NASDAQ,21.91,21.98,21.14,21.53,286800.0,
2002-02-26,JKHY,NASDAQ,21.6,22.14,21.59,21.9,412800.0,
2002-02-27,JKHY,NASDAQ,22.06,22.07,21.36,21.36,362600.0,
2002-02-28,JKHY,NASDAQ,21.35,22.13,21.171,21.7,428900.0,
2002-03-01,JKHY,NASDAQ,21.6,21.6,20.98,21.25,832200.0,
2002-03-04,JKHY,NASDAQ,21.3,23.4,21.24,23.11,1179200.0,
2002-03-05,JKHY,NASDAQ,23.05,24.15,22.82,23.33,1217800.0,
2002-03-06,JKHY,NASDAQ,23.7,23.75,22.6,23.35,709300.0,
2002-03-07,JKHY,NASDAQ,23.89,23.94,22.8,22.8,414100.0,
2002-03-08,JKHY,NASDAQ,23.2,23.45,22.85,23.04,387500.0,
2002-03-11,JKHY,NASDAQ,23.04,23.35,22.9,23.27,397900.0,
2002-03-12,JKHY,NASDAQ,23.3,23.6,22.79,23.25,334400.0,
2002-03-13,JKHY,NASDAQ,23.45,23.67,23.22,23.58,526200.0,
2002-03-14,JKHY,NASDAQ,23.65,24.03,23.51,23.92,253600.0,
2002-03-15,JKHY,NASDAQ,24.16,24.36,23.65,24.03,392700.0,
2002-03-18,JKHY,NASDAQ,24.35,24.35,23.43,23.7,408400.0,
2002-03-19,JKHY,NASDAQ,23.78,24.49,23.6,24.25,759300.0,
2002-03-20,JKHY,NASDAQ,24.23,24.44,23.75,23.75,288700.0,
2002-03-21,JKHY,NASDAQ,23.8,24.25,23.75,24.23,610800.0,
2002-03-22,JKHY,NASDAQ,24.22,24.42,21.86,22.17,3084400.0,
2002-03-25,JKHY,NASDAQ,22.1,23.05,22.1,22.87,1210100.0,
2002-03-26,JKHY,NASDAQ,23.01,23.22,22.1,22.26,987500.0,
2002-03-27,JKHY,NASDAQ,22.49,22.6,22.06,22.45,1097000.0,
2002-03-28,JKHY,NASDAQ,22.4,22.91,22.12,22.18,357900.0,
2002-04-01,JKHY,NASDAQ,22.2,22.25,21.7,21.93,592300.0,
2002-04-02,JKHY,NASDAQ,21.8,22.14,21.65,21.84,336000.0,
2002-04-03,JKHY,NASDAQ,21.95,22.0,21.08,21.24,496400.0,
2002-04-04,JKHY,NASDAQ,21.24,21.69,21.2,21.5,578400.0,
2002-04-05,JKHY,NASDAQ,21.56,21.76,21.3,21.42,438700.0,
2002-04-08,JKHY,NASDAQ,21.35,21.8,20.95,21.67,422000.0,
2002-04-09,JKHY,NASDAQ,21.58,22.0,21.58,21.79,602000.0,
2002-04-10,JKHY,NASDAQ,21.85,22.23,21.65,22.1,670000.0,
2002-04-11,JKHY,NASDAQ,22.05,22.1,21.55,21.69,328200.0,
2002-04-12,JKHY,NASDAQ,21.69,22.05,21.52,22.0,641800.0,
2002-04-15,JKHY,NASDAQ,22.0,22.1,21.3,21.3,599700.0,
2002-04-16,JKHY,NASDAQ,21.0,21.99,20.5,21.73,1619600.0,
2002-04-17,JKHY,NASDAQ,21.79,21.9,21.29,21.41,327400.0,
2002-04-18,JKHY,NASDAQ,21.45,21.99,21.1,21.8,441200.0,
2002-04-19,JKHY,NASDAQ,21.65,22.6,21.55,22.6,350500.0,
2002-04-22,JKHY,NASDAQ,22.52,22.59,22.16,22.36,532500.0,
2002-04-23,JKHY,NASDAQ,22.36,22.68,22.26,22.38,347000.0,
2002-04-24,JKHY,NASDAQ,22.48,22.65,22.36,22.63,453300.0,
2002-04-25,JKHY,NASDAQ,22.55,22.72,22.45,22.68,714100.0,
2002-04-26,JKHY,NASDAQ,22.6,22.85,22.45,22.5,373900.0,
2002-04-29,JKHY,NASDAQ,22.5,22.78,22.45,22.78,376700.0,
2002-04-30,JKHY,NASDAQ,22.799,23.38,22.51,23.28,369800.0,
2002-05-01,JKHY,NASDAQ,23.38,23.5,22.45,23.38,457100.0,
2002-05-02,JKHY,NASDAQ,23.21,23.5,23.2,23.26,287300.0,
2002-05-03,JKHY,NASDAQ,23.25,23.3,22.63,23.14,228500.0,
2002-05-06,JKHY,NASDAQ,23.01,23.359,22.9,23.251,301800.0,
2002-05-07,JKHY,NASDAQ,23.251,23.26,22.19,22.24,1390900.0,
2002-05-08,JKHY,NASDAQ,22.24,22.99,22.24,22.91,891400.0,
2002-05-09,JKHY,NASDAQ,22.92,23.1,22.29,22.41,645900.0,
2002-05-10,JKHY,NASDAQ,22.44,22.54,21.82,22.21,665700.0,
2002-05-13,JKHY,NASDAQ,22.35,22.6,21.64,22.35,519800.0,
2002-05-14,JKHY,NASDAQ,22.44,23.0,21.86,21.92,1034700.0,
2002-05-15,JKHY,NASDAQ,21.75,22.11,21.34,21.73,851600.0,
2002-05-16,JKHY,NASDAQ,21.88,22.28,20.591,20.73,869000.0,
2002-05-17,JKHY,NASDAQ,20.65,20.97,20.04,20.19,1799500.0,
2002-05-20,JKHY,NASDAQ,20.05,20.6,19.3,19.35,2092600.0,
2002-05-21,JKHY,NASDAQ,19.37,19.37,17.77,18.17,3760200.0,
2002-05-22,JKHY,NASDAQ,18.09,19.04,17.95,18.39,1051900.0,
2002-05-23,JKHY,NASDAQ,18.05,19.05,18.02,18.85,1711000.0,
2002-05-24,JKHY,NASDAQ,18.8,19.27,18.62,18.98,873200.0,
2002-05-28,JKHY,NASDAQ,19.22,19.67,18.83,19.39,708000.0,
2002-05-29,JKHY,NASDAQ,19.3,19.52,18.95,19.11,399300.0,
2002-05-30,JKHY,NASDAQ,19.25,19.86,18.77,19.75,935200.0,
2002-05-31,JKHY,NASDAQ,19.87,19.99,19.54,19.74,409300.0,
2002-06-03,JKHY,NASDAQ,19.79,19.8,18.77,19.07,561000.0,
2002-06-04,JKHY,NASDAQ,19.01,19.35,18.85,19.1,1019000.0,
2002-06-05,JKHY,NASDAQ,19.05,19.51,19.05,19.34,485600.0,
2002-06-06,JKHY,NASDAQ,19.32,19.38,18.8,18.92,601400.0,
2002-06-07,JKHY,NASDAQ,18.87,19.15,18.32,18.8,1180800.0,
2002-06-10,JKHY,NASDAQ,18.75,19.47,18.75,19.26,363400.0,
2002-06-11,JKHY,NASDAQ,19.22,19.469,17.9,18.04,1367400.0,
2002-06-12,JKHY,NASDAQ,17.61,17.74,16.87,16.97,1400700.0,
2002-06-13,JKHY,NASDAQ,16.9,16.95,16.5,16.81,1287000.0,
2002-06-14,JKHY,NASDAQ,16.8,17.09,15.8,17.09,1328700.0,
2002-06-17,JKHY,NASDAQ,17.1,17.82,16.921,17.64,379200.0,
2002-06-18,JKHY,NASDAQ,17.64,17.92,17.45,17.57,223700.0,
2002-06-19,JKHY,NASDAQ,17.49,17.9,17.471,17.5,592100.0,
2002-06-20,JKHY,NASDAQ,17.48,17.48,16.91,17.01,539300.0,
2002-06-21,JKHY,NASDAQ,17.45,17.451,16.44,16.49,944000.0,
2002-06-24,JKHY,NASDAQ,16.42,17.0,15.77,16.63,874000.0,
2002-06-25,JKHY,NASDAQ,16.72,16.76,16.25,16.39,844600.0,
2002-06-26,JKHY,NASDAQ,16.32,16.5,15.761,16.4,492000.0,
2002-06-27,JKHY,NASDAQ,16.45,16.87,15.9,16.09,534300.0,
2002-06-28,JKHY,NASDAQ,16.11,16.87,16.06,16.69,808000.0,
2002-07-01,JKHY,NASDAQ,16.8,16.8,15.3,15.72,897100.0,
2002-07-02,JKHY,NASDAQ,15.75,15.76,15.0,15.52,1432800.0,
2002-07-03,JKHY,NASDAQ,15.62,15.89,15.24,15.82,691700.0,
2002-07-05,JKHY,NASDAQ,15.84,16.17,15.71,16.17,171500.0,
2002-07-08,JKHY,NASDAQ,16.2,16.4,15.66,15.779,406100.0,
2002-07-09,JKHY,NASDAQ,15.62,15.86,15.12,15.59,611900.0,
2002-07-10,JKHY,NASDAQ,15.66,15.77,14.5,14.5,963000.0,
2002-07-11,JKHY,NASDAQ,14.449,14.77,14.17,14.45,752300.0,
2002-07-12,JKHY,NASDAQ,14.44,14.8,14.09,14.1,755900.0,
2002-07-15,JKHY,NASDAQ,14.23,14.24,13.5,13.84,925100.0,
2002-07-16,JKHY,NASDAQ,13.8,14.25,13.4,13.89,798800.0,
2002-07-17,JKHY,NASDAQ,13.899,14.24,13.78,13.97,771900.0,
2002-07-18,JKHY,NASDAQ,14.03,14.04,12.95,12.95,681300.0,
2002-07-19,JKHY,NASDAQ,13.0,13.07,12.402,12.95,1071900.0,
2002-07-22,JKHY,NASDAQ,12.76,13.0,11.76,11.79,1292224.0,
2002-07-23,JKHY,NASDAQ,12.32,13.52,11.96,13.31,1751034.0,
2002-07-24,JKHY,NASDAQ,13.31,14.45,12.598,14.44,1512966.0,
2002-07-25,JKHY,NASDAQ,14.47,14.5,13.67,13.81,982439.0,
2002-07-26,JKHY,NASDAQ,13.85,13.92,13.4,13.67,536587.0,
2002-07-29,JKHY,NASDAQ,13.77,14.5,13.69,14.21,1078462.0,
2002-07-30,JKHY,NASDAQ,14.25,14.45,14.08,14.33,659846.0,
2002-07-31,JKHY,NASDAQ,14.34,14.44,13.9,14.27,527973.0,
2002-08-01,JKHY,NASDAQ,14.179,14.55,14.15,14.24,804744.0,
2002-08-02,JKHY,NASDAQ,14.31,14.5,13.75,14.23,597991.0,
2002-08-05,JKHY,NASDAQ,14.17,14.18,13.36,13.45,444915.0,
2002-08-06,JKHY,NASDAQ,13.54,14.35,13.53,13.99,457639.0,
2002-08-07,JKHY,NASDAQ,14.04,14.55,13.88,14.48,282232.0,
2002-08-08,JKHY,NASDAQ,14.53,14.88,14.34,14.83,429742.0,
2002-08-09,JKHY,NASDAQ,14.79,14.88,14.45,14.79,617354.0,
2002-08-12,JKHY,NASDAQ,14.74,14.86,14.39,14.66,387102.0,
2002-08-13,JKHY,NASDAQ,14.65,14.72,14.09,14.23,356731.0,
2002-08-14,JKHY,NASDAQ,14.21,14.5,13.93,14.48,652861.0,
2002-08-15,JKHY,NASDAQ,14.48,14.83,14.35,14.65,999741.0,
2002-08-16,JKHY,NASDAQ,14.58,15.35,14.34,15.2,487589.0,
2002-08-19,JKHY,NASDAQ,15.24,16.31,15.23,16.291,413154.0,
2002-08-20,JKHY,NASDAQ,16.25,16.4,15.96,16.08,424645.0,
2002-08-21,JKHY,NASDAQ,16.22,16.85,16.1,16.85,357188.0,
2002-08-22,JKHY,NASDAQ,16.87,17.22,16.29,17.22,231305.0,
2002-08-23,JKHY,NASDAQ,17.03,17.09,16.48,16.51,229775.0,
2002-08-26,JKHY,NASDAQ,16.59,16.9,16.37,16.9,389405.0,
2002-08-27,JKHY,NASDAQ,16.77,17.14,16.56,16.57,720532.0,
2002-08-28,JKHY,NASDAQ,16.58,16.72,16.15,16.32,259801.0,
2002-08-29,JKHY,NASDAQ,16.55,17.07,16.05,16.91,310692.0,
2002-08-30,JKHY,NASDAQ,16.499,16.93,16.32,16.32,211391.0,
2002-09-03,JKHY,NASDAQ,16.3,16.3,15.56,15.91,338800.0,
2002-09-04,JKHY,NASDAQ,15.85,16.45,15.6,16.3,309636.0,
2002-09-05,JKHY,NASDAQ,16.25,16.32,15.55,15.59,248840.0,
2002-09-06,JKHY,NASDAQ,15.53,16.99,15.53,16.99,656923.0,
2002-09-09,JKHY,NASDAQ,16.3,16.71,15.2,15.85,1029840.0,
2002-09-10,JKHY,NASDAQ,15.85,16.31,15.61,16.31,410552.0,
2002-09-11,JKHY,NASDAQ,16.32,16.55,16.2,16.35,148584.0,
2002-09-12,JKHY,NASDAQ,16.35,16.35,15.66,15.763,190600.0,
2002-09-13,JKHY,NASDAQ,15.79,16.18,15.55,16.178,178066.0,
2002-09-16,JKHY,NASDAQ,16.08,16.13,15.52,15.77,416019.0,
2002-09-17,JKHY,NASDAQ,15.81,16.05,15.15,15.19,374810.0,
2002-09-18,JKHY,NASDAQ,15.18,15.45,14.9,15.06,510601.0,
2002-09-19,JKHY,NASDAQ,15.0,15.0,13.77,13.96,667405.0,
2002-09-20,JKHY,NASDAQ,14.64,14.65,13.8,13.87,640426.0,
2002-09-23,JKHY,NASDAQ,13.7,13.86,13.19,13.572,372883.0,
2002-09-24,JKHY,NASDAQ,13.649,13.72,13.21,13.37,417412.0,
2002-09-25,JKHY,NASDAQ,13.39,13.5,13.03,13.14,1109028.0,
2002-09-26,JKHY,NASDAQ,13.18,13.5,13.08,13.35,319290.0,
2002-09-27,JKHY,NASDAQ,13.33,13.41,12.81,12.928,372503.0,
2002-09-30,JKHY,NASDAQ,12.89,12.98,12.29,12.43,555929.0,
2002-10-01,JKHY,NASDAQ,12.44,12.82,12.3,12.69,695867.0,
2002-10-02,JKHY,NASDAQ,12.77,12.8,12.25,12.28,491926.0,
2002-10-03,JKHY,NASDAQ,9.95,10.0,7.24,8.99,5534467.0,
2002-10-04,JKHY,NASDAQ,9.25,9.39,8.7,9.0,1902349.0,
2002-10-07,JKHY,NASDAQ,8.94,9.22,8.78,8.84,950911.0,
2002-10-08,JKHY,NASDAQ,9.14,9.14,8.5,9.0,714632.0,
2002-10-09,JKHY,NASDAQ,9.01,9.06,8.25,8.31,713977.0,
2002-10-10,JKHY,NASDAQ,8.38,8.82,8.19,8.6,836171.0,
2002-10-11,JKHY,NASDAQ,8.74,9.3,8.7,9.22,1158811.0,
2002-10-14,JKHY,NASDAQ,8.85,9.1,8.8,8.95,762888.0,
2002-10-15,JKHY,NASDAQ,9.15,9.41,9.062,9.21,1189986.0,
2002-10-16,JKHY,NASDAQ,9.26,9.3,8.74,8.742,724185.0,
2002-10-17,JKHY,NASDAQ,8.88,9.75,8.88,9.5,1459672.0,
2002-10-18,JKHY,NASDAQ,9.15,9.9,9.1,9.86,810763.0,
2002-10-21,JKHY,NASDAQ,9.87,10.85,9.82,10.69,1149396.0,
2002-10-22,JKHY,NASDAQ,10.67,10.84,10.41,10.52,496643.0,
2002-10-23,JKHY,NASDAQ,10.45,10.88,10.34,10.88,468561.0,
2002-10-24,JKHY,NASDAQ,10.91,11.03,10.55,10.73,532644.0,
2002-10-25,JKHY,NASDAQ,10.68,10.95,10.55,10.76,279388.0,
2002-10-28,JKHY,NASDAQ,10.79,11.029,10.43,10.53,262488.0,
2002-10-29,JKHY,NASDAQ,10.53,10.53,9.97,10.041,334865.0,
2002-10-30,JKHY,NASDAQ,10.05,10.47,10.05,10.26,629198.0,
2002-10-31,JKHY,NASDAQ,10.3,10.6,10.09,10.279,384694.0,
2002-11-01,JKHY,NASDAQ,10.16,10.87,10.0,10.869,421511.0,
2002-11-04,JKHY,NASDAQ,10.83,11.74,10.73,11.48,793140.0,
2002-11-05,JKHY,NASDAQ,11.46,11.63,11.24,11.43,791599.0,
2002-11-06,JKHY,NASDAQ,11.65,12.05,11.37,11.88,786398.0,
2002-11-07,JKHY,NASDAQ,11.8,12.06,11.5,11.79,615482.0,
2002-11-08,JKHY,NASDAQ,11.79,11.92,11.65,11.71,531150.0,
2002-11-11,JKHY,NASDAQ,11.6,11.7,10.93,11.28,985061.0,
2002-11-12,JKHY,NASDAQ,11.27,11.539,10.96,11.38,469348.0,
2002-11-13,JKHY,NASDAQ,11.24,11.7,11.0,11.32,407285.0,
2002-11-14,JKHY,NASDAQ,11.31,11.83,11.21,11.58,444839.0,
2002-11-15,JKHY,NASDAQ,11.54,12.21,11.44,12.07,641887.0,
2002-11-18,JKHY,NASDAQ,12.38,12.39,11.48,11.511,453315.0,
2002-11-19,JKHY,NASDAQ,11.68,11.82,11.28,11.51,348973.0,
2002-11-20,JKHY,NASDAQ,11.49,12.08,11.389,12.07,457827.0,
2002-11-21,JKHY,NASDAQ,12.2,12.61,11.99,12.47,611037.0,
2002-11-22,JKHY,NASDAQ,12.48,12.78,12.33,12.649,483168.0,
2002-11-25,JKHY,NASDAQ,12.56,13.07,12.56,12.93,369782.0,
2002-11-26,JKHY,NASDAQ,13.25,13.25,12.48,12.5,722339.0,
2002-11-27,JKHY,NASDAQ,12.47,13.29,12.35,13.09,460596.0,
2002-11-29,JKHY,NASDAQ,13.14,13.25,12.98,12.98,223344.0,
2002-12-02,JKHY,NASDAQ,13.27,13.71,12.78,12.98,734749.0,
2002-12-03,JKHY,NASDAQ,12.95,12.95,12.31,12.31,300500.0,
2002-12-04,JKHY,NASDAQ,12.4,12.56,12.1,12.46,430918.0,
2002-12-05,JKHY,NASDAQ,12.6,12.78,12.17,12.5,441712.0,
2002-12-06,JKHY,NASDAQ,12.54,12.624,12.23,12.58,517028.0,
2002-12-09,JKHY,NASDAQ,12.61,12.62,12.08,12.1,642311.0,
2002-12-10,JKHY,NASDAQ,12.08,12.55,11.95,12.5,620976.0,
2002-12-11,JKHY,NASDAQ,12.4,12.5,12.0,12.11,626255.0,
2002-12-12,JKHY,NASDAQ,12.2,12.22,11.92,12.15,869600.0,
2002-12-13,JKHY,NASDAQ,12.18,12.22,11.8,12.18,675622.0,
2002-12-16,JKHY,NASDAQ,12.04,12.5,11.93,12.45,379125.0,
2002-12-17,JKHY,NASDAQ,12.4,12.58,12.29,12.41,570716.0,
2002-12-18,JKHY,NASDAQ,12.12,12.46,12.02,12.26,579893.0,
2002-12-19,JKHY,NASDAQ,12.27,12.6,12.001,12.08,585790.0,
2002-12-20,JKHY,NASDAQ,12.1,12.67,12.0,12.56,693966.0,
2002-12-23,JKHY,NASDAQ,12.5,12.54,12.01,12.28,592204.0,
2002-12-24,JKHY,NASDAQ,12.26,12.5,12.2,12.361,190008.0,
2002-12-26,JKHY,NASDAQ,12.36,12.67,12.33,12.39,338230.0,
2002-12-27,JKHY,NASDAQ,12.53,12.53,12.09,12.24,212618.0,
2002-12-30,JKHY,NASDAQ,12.03,12.28,11.81,11.95,247627.0,
2002-12-31,JKHY,NASDAQ,11.92,12.31,11.82,12.04,359556.0,
2003-01-02,JKHY,NASDAQ,12.15,12.73,11.961,12.71,466583.0,
2003-01-03,JKHY,NASDAQ,12.78,12.88,12.58,12.69,309995.0,
2003-01-06,JKHY,NASDAQ,12.85,14.16,12.63,13.92,990382.0,
2003-01-07,JKHY,NASDAQ,14.01,14.26,13.75,14.07,556249.0,
2003-01-08,JKHY,NASDAQ,14.04,14.19,13.8,13.91,609212.0,
2003-01-09,JKHY,NASDAQ,14.16,14.6,14.03,14.15,953087.0,
2003-01-10,JKHY,NASDAQ,14.13,14.76,14.11,14.35,596845.0,
2003-01-13,JKHY,NASDAQ,14.47,14.88,14.25,14.59,468728.0,
2003-01-14,JKHY,NASDAQ,14.55,14.85,14.35,14.85,754125.0,
2003-01-15,JKHY,NASDAQ,14.85,14.89,13.93,14.0,987603.0,
2003-01-16,JKHY,NASDAQ,13.75,13.79,12.591,13.34,1812315.0,
2003-01-17,JKHY,NASDAQ,13.2,13.29,12.94,13.14,391743.0,
2003-01-21,JKHY,NASDAQ,13.33,13.342,12.731,12.85,607710.0,
2003-01-22,JKHY,NASDAQ,12.85,13.14,12.7,12.81,599901.0,
2003-01-23,JKHY,NASDAQ,12.8,13.19,12.7,13.09,306229.0,
2003-01-24,JKHY,NASDAQ,13.0,13.19,12.59,12.67,422022.0,
2003-01-27,JKHY,NASDAQ,12.61,12.7,12.37,12.46,423670.0,
2003-01-28,JKHY,NASDAQ,12.79,12.99,12.5,12.959,344813.0,
2003-01-29,JKHY,NASDAQ,12.72,13.0,12.56,12.63,327950.0,
2003-01-30,JKHY,NASDAQ,12.61,12.843,11.95,12.0,657093.0,
2003-01-31,JKHY,NASDAQ,11.98,12.479,11.66,12.34,576971.0,
2003-02-03,JKHY,NASDAQ,12.28,12.64,12.14,12.53,265790.0,
2003-02-04,JKHY,NASDAQ,12.51,12.51,12.032,12.25,336373.0,
2003-02-05,JKHY,NASDAQ,12.45,12.68,12.03,12.061,311529.0,
2003-02-06,JKHY,NASDAQ,12.05,12.38,11.96,12.27,298929.0,
2003-02-07,JKHY,NASDAQ,12.2,12.33,11.981,12.0,226276.0,
2003-02-10,JKHY,NASDAQ,12.01,12.17,11.78,12.17,497388.0,
2003-02-11,JKHY,NASDAQ,12.18,12.52,11.999,12.05,490832.0,
2003-02-12,JKHY,NASDAQ,12.01,12.26,11.7,11.86,286630.0,
2003-02-13,JKHY,NASDAQ,11.891,11.9,11.07,11.22,512623.0,
2003-02-14,JKHY,NASDAQ,11.31,11.7,11.187,11.5,410747.0,
2003-02-18,JKHY,NASDAQ,11.47,12.3,11.47,12.29,332793.0,
2003-02-19,JKHY,NASDAQ,12.3,12.3,11.77,11.93,287429.0,
2003-02-20,JKHY,NASDAQ,12.0,12.32,11.95,12.15,314081.0,
2003-02-21,JKHY,NASDAQ,12.15,12.22,11.92,12.09,321622.0,
2003-02-24,JKHY,NASDAQ,12.06,12.17,11.77,11.82,260885.0,
2003-02-25,JKHY,NASDAQ,11.84,11.97,11.45,11.85,275397.0,
2003-02-26,JKHY,NASDAQ,11.98,12.04,11.35,11.39,262022.0,
2003-02-27,JKHY,NASDAQ,11.4,11.86,11.34,11.82,254773.0,
2003-02-28,JKHY,NASDAQ,11.66,11.97,11.43,11.5,448954.0,
2003-03-03,JKHY,NASDAQ,11.6,11.75,11.35,11.4,368015.0,
2003-03-04,JKHY,NASDAQ,11.38,11.53,11.12,11.15,254986.0,
2003-03-05,JKHY,NASDAQ,11.22,11.36,11.06,11.2,295812.0,
2003-03-06,JKHY,NASDAQ,11.25,11.33,11.06,11.15,165252.0,
2003-03-07,JKHY,NASDAQ,11.13,11.26,10.96,11.22,400760.0,
2003-03-10,JKHY,NASDAQ,11.17,11.25,10.75,10.76,282824.0,
2003-03-11,JKHY,NASDAQ,10.8,10.96,10.33,10.42,626939.0,
2003-03-12,JKHY,NASDAQ,10.35,10.43,10.02,10.2,846284.0,
2003-03-13,JKHY,NASDAQ,10.37,10.38,9.9,10.05,816649.0,
2003-03-14,JKHY,NASDAQ,10.24,10.65,10.15,10.569,822450.0,
2003-03-17,JKHY,NASDAQ,10.42,10.49,10.15,10.44,722348.0,
2003-03-18,JKHY,NASDAQ,10.33,10.96,10.27,10.75,512520.0,
2003-03-19,JKHY,NASDAQ,10.75,11.03,10.7,10.89,255629.0,
2003-03-20,JKHY,NASDAQ,10.95,11.22,10.6,11.03,214354.0,
2003-03-21,JKHY,NASDAQ,11.26,11.51,10.6,11.339,338380.0,
2003-03-24,JKHY,NASDAQ,11.28,11.3,10.57,10.68,346426.0,
2003-03-25,JKHY,NASDAQ,10.7,11.29,10.59,11.2,382539.0,
2003-03-26,JKHY,NASDAQ,11.35,11.35,11.124,11.209,455798.0,
2003-03-27,JKHY,NASDAQ,11.0,11.24,10.82,10.94,578626.0,
2003-03-28,JKHY,NASDAQ,11.0,11.01,10.6,10.67,336648.0,
2003-03-31,JKHY,NASDAQ,10.57,10.75,10.37,10.59,232088.0,
2003-04-01,JKHY,NASDAQ,10.54,10.95,10.37,10.75,364565.0,
2003-04-02,JKHY,NASDAQ,10.94,11.27,10.91,11.18,275957.0,
2003-04-03,JKHY,NASDAQ,11.11,11.21,11.0,11.14,243929.0,
2003-04-04,JKHY,NASDAQ,11.17,11.27,10.89,10.94,289400.0,
2003-04-07,JKHY,NASDAQ,11.14,11.35,10.89,10.961,504637.0,
2003-04-08,JKHY,NASDAQ,10.98,11.25,10.89,11.08,225246.0,
2003-04-09,JKHY,NASDAQ,11.03,11.25,10.78,10.92,370694.0,
2003-04-10,JKHY,NASDAQ,10.96,10.97,10.6712,10.89,172598.0,
2003-04-11,JKHY,NASDAQ,10.96,11.02,10.75,10.84,130675.0,
2003-04-14,JKHY,NASDAQ,10.88,11.18,10.61,11.08,311402.0,
2003-04-15,JKHY,NASDAQ,10.86,11.18,10.86,11.17,237693.0,
2003-04-16,JKHY,NASDAQ,11.12,12.4,11.12,11.95,1173483.0,
2003-04-17,JKHY,NASDAQ,12.02,12.6,11.97,12.42,632352.0,
2003-04-21,JKHY,NASDAQ,12.42,12.5,12.27,12.45,354322.0,
2003-04-22,JKHY,NASDAQ,12.51,12.72,12.26,12.699,615536.0,
2003-04-23,JKHY,NASDAQ,12.65,13.25,12.57,13.239,739555.0,
2003-04-24,JKHY,NASDAQ,13.28,13.3,12.53,12.67,413927.0,
2003-04-25,JKHY,NASDAQ,12.7,13.0,12.6,12.96,426959.0,
2003-04-28,JKHY,NASDAQ,13.08,13.19,12.87,13.06,431399.0,
2003-04-29,JKHY,NASDAQ,13.25,13.25,12.91,12.97,214487.0,
2003-04-30,JKHY,NASDAQ,12.91,13.19,12.765,13.0,479751.0,
2003-05-01,JKHY,NASDAQ,13.1,13.2,12.74,13.169,521210.0,
2003-05-02,JKHY,NASDAQ,13.15,13.48,13.01,13.46,232375.0,
2003-05-05,JKHY,NASDAQ,13.77,14.0,13.46,13.64,445694.0,
2003-05-06,JKHY,NASDAQ,13.66,14.1,13.66,14.09,447045.0,
2003-05-07,JKHY,NASDAQ,13.8,14.22,13.7,14.03,440466.0,
2003-05-08,JKHY,NASDAQ,13.95,13.96,13.73,13.84,362273.0,
2003-05-09,JKHY,NASDAQ,14.05,14.07,13.6,13.9,269590.0,
2003-05-12,JKHY,NASDAQ,14.0,14.04,13.86,14.0,325774.0,
2003-05-13,JKHY,NASDAQ,13.91,13.95,13.77,13.84,228068.0,
2003-05-14,JKHY,NASDAQ,13.89,13.95,13.74,13.83,318068.0,
2003-05-15,JKHY,NASDAQ,13.91,14.0,13.63,13.76,313654.0,
2003-05-16,JKHY,NASDAQ,13.75,13.9,13.48,13.72,236494.0,
2003-05-19,JKHY,NASDAQ,13.52,13.65,13.15,13.17,204711.0,
2003-05-20,JKHY,NASDAQ,13.41,13.69,13.04,13.37,318648.0,
2003-05-21,JKHY,NASDAQ,13.36,13.37,13.11,13.22,365693.0,
2003-05-22,JKHY,NASDAQ,13.14,13.45,13.14,13.37,461175.0,
2003-05-23,JKHY,NASDAQ,13.31,13.53,13.23,13.47,209270.0,
2003-05-27,JKHY,NASDAQ,13.74,14.32,13.73,13.99,1317928.0,
2003-05-28,JKHY,NASDAQ,14.23,14.44,13.93,14.29,526154.0,
2003-05-29,JKHY,NASDAQ,14.43,14.91,14.37,14.69,463354.0,
2003-05-30,JKHY,NASDAQ,14.84,15.24,14.65,15.11,414101.0,
2003-06-02,JKHY,NASDAQ,15.41,15.81,15.26,15.42,571971.0,
2003-06-03,JKHY,NASDAQ,15.36,15.42,14.8,15.13,684610.0,
2003-06-04,JKHY,NASDAQ,15.03,15.41,14.96,15.35,879462.0,
2003-06-05,JKHY,NASDAQ,15.36,15.39,15.0,15.33,678129.0,
2003-06-06,JKHY,NASDAQ,15.69,15.99,15.27,15.45,595477.0,
2003-06-09,JKHY,NASDAQ,15.44,15.51,15.2,15.3,348762.0,
2003-06-10,JKHY,NASDAQ,15.39,15.62,15.28,15.59,176700.0,
2003-06-11,JKHY,NASDAQ,15.48,16.1,15.36,16.1,525296.0,
2003-06-12,JKHY,NASDAQ,16.17,16.62,16.1,16.56,583207.0,
2003-06-13,JKHY,NASDAQ,16.64,16.68,16.04,16.2,636515.0,
2003-06-16,JKHY,NASDAQ,16.38,16.39,16.02,16.21,240567.0,
2003-06-17,JKHY,NASDAQ,16.57,16.57,15.99,16.2,327334.0,
2003-06-18,JKHY,NASDAQ,16.37,16.469,16.07,16.4,206142.0,
2003-06-19,JKHY,NASDAQ,16.5,16.5,15.8,16.12,464914.0,
2003-06-20,JKHY,NASDAQ,16.4,16.72,16.15,16.51,750730.0,
2003-06-23,JKHY,NASDAQ,16.5,16.55,16.244,16.33,413407.0,
2003-06-24,JKHY,NASDAQ,16.33,17.25,16.31,17.2,767718.0,
2003-06-25,JKHY,NASDAQ,17.29,17.39,17.09,17.14,585466.0,
2003-06-26,JKHY,NASDAQ,17.12,17.861,17.12,17.77,485015.0,
2003-06-27,JKHY,NASDAQ,18.02,18.32,17.55,17.76,1129276.0,
2003-06-30,JKHY,NASDAQ,17.7,18.15,17.59,17.79,470652.0,
2003-07-01,JKHY,NASDAQ,18.09,18.09,17.46,17.86,1222012.0,
2003-07-02,JKHY,NASDAQ,17.76,17.98,17.68,17.84,795396.0,
2003-07-03,JKHY,NASDAQ,17.73,17.89,17.6,17.61,219067.0,
2003-07-07,JKHY,NASDAQ,17.41,17.85,17.11,17.65,816852.0,
2003-07-08,JKHY,NASDAQ,17.76,17.79,17.32,17.67,661476.0,
2003-07-09,JKHY,NASDAQ,17.6,17.67,16.91,17.15,1183197.0,
2003-07-10,JKHY,NASDAQ,17.03,17.1,16.7,16.91,400018.0,
2003-07-11,JKHY,NASDAQ,16.85,17.3,16.845,17.249,176441.0,
2003-07-14,JKHY,NASDAQ,17.39,17.46,17.21,17.38,312704.0,
2003-07-15,JKHY,NASDAQ,17.46,17.46,16.88,17.0,435564.0,
2003-07-16,JKHY,NASDAQ,17.04,17.05,16.63,17.0,250913.0,
2003-07-17,JKHY,NASDAQ,16.95,16.98,16.47,16.53,187316.0,
2003-07-18,JKHY,NASDAQ,16.5,16.96,16.32,16.76,217304.0,
2003-07-21,JKHY,NASDAQ,16.72,16.85,16.47,16.71,303452.0,
2003-07-22,JKHY,NASDAQ,16.84,17.08,16.66,17.01,403378.0,
2003-07-23,JKHY,NASDAQ,17.21,17.36,16.25,17.15,550825.0,
2003-07-24,JKHY,NASDAQ,17.57,18.0,17.49,17.68,627759.0,
2003-07-25,JKHY,NASDAQ,17.82,18.5,17.49,18.3,1011928.0,
2003-07-28,JKHY,NASDAQ,18.8,18.8,17.93,18.06,431990.0,
2003-07-29,JKHY,NASDAQ,18.15,18.42,17.94,18.32,358423.0,
2003-07-30,JKHY,NASDAQ,18.3,18.55,18.26,18.52,283657.0,
2003-07-31,JKHY,NASDAQ,18.66,18.86,18.44,18.64,259370.0,
2003-08-01,JKHY,NASDAQ,18.59,18.75,18.43,18.59,418415.0,
2003-08-04,JKHY,NASDAQ,18.5,18.64,17.88,18.31,404648.0,
2003-08-05,JKHY,NASDAQ,18.44,18.45,17.86,18.06,403260.0,
2003-08-06,JKHY,NASDAQ,18.14,18.24,17.91,18.0,411363.0,
2003-08-07,JKHY,NASDAQ,18.13,18.13,17.85,17.95,320346.0,
2003-08-08,JKHY,NASDAQ,17.99,18.13,17.86,18.0,218404.0,
2003-08-11,JKHY,NASDAQ,18.22,18.5,18.1,18.39,232755.0,
2003-08-12,JKHY,NASDAQ,18.33,18.45,18.05,18.44,183965.0,
2003-08-13,JKHY,NASDAQ,18.25,18.5,18.1,18.31,183580.0,
2003-08-14,JKHY,NASDAQ,18.46,18.6,18.29,18.42,218818.0,
2003-08-15,JKHY,NASDAQ,18.42,18.7,18.07,18.59,132325.0,
2003-08-18,JKHY,NASDAQ,18.5,18.89,18.49,18.79,189558.0,
2003-08-19,JKHY,NASDAQ,18.79,19.0,18.65,18.85,225831.0,
2003-08-20,JKHY,NASDAQ,18.95,19.0,18.76,18.95,198424.0,
2003-08-21,JKHY,NASDAQ,18.9,19.5,18.83,19.31,363620.0,
2003-08-22,JKHY,NASDAQ,19.48,19.52,18.95,19.07,150509.0,
2003-08-25,JKHY,NASDAQ,18.93,18.99,18.18,18.21,703730.0,
2003-08-26,JKHY,NASDAQ,18.14,18.4,17.95,18.35,366817.0,
2003-08-27,JKHY,NASDAQ,18.4,18.47,18.15,18.27,368214.0,
2003-08-28,JKHY,NASDAQ,18.38,18.49,18.08,18.49,422414.0,
2003-08-29,JKHY,NASDAQ,18.49,18.83,18.44,18.68,301342.0,
2003-09-02,JKHY,NASDAQ,18.69,19.3,18.66,19.18,424563.0,
2003-09-03,JKHY,NASDAQ,19.25,19.75,18.91,19.01,318079.0,
2003-09-04,JKHY,NASDAQ,19.06,19.1282,18.45,18.72,417608.0,
2003-09-05,JKHY,NASDAQ,18.65,18.75,18.25,18.3,323824.0,
2003-09-08,JKHY,NASDAQ,18.29,18.75,18.23,18.66,850588.0,
2003-09-09,JKHY,NASDAQ,18.57,18.86,18.32,18.82,474761.0,
2003-09-10,JKHY,NASDAQ,18.79,18.84,17.71,17.95,386092.0,
2003-09-11,JKHY,NASDAQ,18.17,18.23,17.961,18.12,237592.0,
2003-09-12,JKHY,NASDAQ,18.25,18.33,17.63,18.25,356756.0,
2003-09-15,JKHY,NASDAQ,18.33,18.33,18.07,18.28,261737.0,
2003-09-16,JKHY,NASDAQ,18.38,18.95,18.28,18.74,394600.0,
2003-09-17,JKHY,NASDAQ,18.76,18.98,18.41,18.87,539133.0,
2003-09-18,JKHY,NASDAQ,18.88,19.0,18.7,18.91,287728.0,
2003-09-19,JKHY,NASDAQ,18.98,19.0025,18.68,19.0,345524.0,
2003-09-22,JKHY,NASDAQ,18.93,19.0,18.38,18.9,411821.0,
2003-09-23,JKHY,NASDAQ,18.57,19.07,18.32,18.83,777846.0,
2003-09-24,JKHY,NASDAQ,18.68,18.84,18.3,18.43,256497.0,
2003-09-25,JKHY,NASDAQ,18.42,18.74,17.85,17.94,504837.0,
2003-09-26,JKHY,NASDAQ,18.26,18.27,17.65,17.79,476016.0,
2003-09-29,JKHY,NASDAQ,17.8,17.9,17.43,17.7,470116.0,
2003-09-30,JKHY,NASDAQ,17.92,17.92,17.35,17.39,386910.0,
2003-10-01,JKHY,NASDAQ,17.46,18.17,17.46,17.96,412042.0,
2003-10-02,JKHY,NASDAQ,18.0,18.08,17.75,17.88,149418.0,
2003-10-03,JKHY,NASDAQ,17.92,18.71,17.92,18.4,300877.0,
2003-10-06,JKHY,NASDAQ,18.35,18.74,18.34,18.6,104243.0,
2003-10-07,JKHY,NASDAQ,18.55,18.65,18.29,18.48,222159.0,
2003-10-08,JKHY,NASDAQ,18.36,18.67,18.29,18.3,275804.0,
2003-10-09,JKHY,NASDAQ,18.54,18.85,18.37,18.56,252828.0,
2003-10-10,JKHY,NASDAQ,18.5,18.72,18.3,18.32,258893.0,
2003-10-13,JKHY,NASDAQ,18.54,19.03,18.54,19.03,311019.0,
2003-10-14,JKHY,NASDAQ,18.99,19.35,18.79,19.28,334938.0,
2003-10-15,JKHY,NASDAQ,19.16,19.49,19.01,19.25,411535.0,
2003-10-16,JKHY,NASDAQ,19.27,19.7,19.21,19.5,377499.0,
2003-10-17,JKHY,NASDAQ,19.4,19.61,19.08,19.16,533697.0,
2003-10-20,JKHY,NASDAQ,19.2,19.22,18.87,18.94,310876.0,
2003-10-21,JKHY,NASDAQ,18.96,19.48,18.9,19.34,199907.0,
2003-10-22,JKHY,NASDAQ,19.49,19.49,18.85,18.99,661544.0,
2003-10-23,JKHY,NASDAQ,18.86,19.05,18.72,18.89,221824.0,
2003-10-24,JKHY,NASDAQ,18.85,18.97,18.69,18.74,231541.0,
2003-10-27,JKHY,NASDAQ,18.73,18.96,18.5,18.79,145493.0,
2003-10-28,JKHY,NASDAQ,18.83,19.22,18.62,19.2,223148.0,
2003-10-29,JKHY,NASDAQ,19.06,19.17,18.95,18.99,232605.0,
2003-10-30,JKHY,NASDAQ,19.09,19.97,18.95,19.54,801655.0,
2003-10-31,JKHY,NASDAQ,19.61,20.13,19.57,19.83,543382.0,
2003-11-03,JKHY,NASDAQ,19.97,20.39,19.89,20.37,337806.0,
2003-11-04,JKHY,NASDAQ,20.39,20.74,20.16,20.5,343003.0,
2003-11-05,JKHY,NASDAQ,20.54,20.54,19.77,20.14,573625.0,
2003-11-06,JKHY,NASDAQ,20.13,20.22,19.67,19.96,451126.0,
2003-11-07,JKHY,NASDAQ,19.94,20.35,19.94,20.21,282628.0,
2003-11-10,JKHY,NASDAQ,20.13,20.27,19.63,19.67,228180.0,
2003-11-11,JKHY,NASDAQ,19.74,19.94,19.37,19.85,206748.0,
2003-11-12,JKHY,NASDAQ,19.69,20.41,19.65,20.35,372127.0,
2003-11-13,JKHY,NASDAQ,20.41,20.44,20.15,20.26,389342.0,
2003-11-14,JKHY,NASDAQ,19.91,20.2,19.621,19.67,197146.0,
2003-11-17,JKHY,NASDAQ,19.6,19.86,19.43,19.8,321642.0,
2003-11-18,JKHY,NASDAQ,20.0,20.1,19.52,19.55,209787.0,
2003-11-19,JKHY,NASDAQ,19.72,19.89,19.62,19.82,184797.0,
2003-11-20,JKHY,NASDAQ,20.03,20.03,19.67,19.67,206602.0,
2003-11-21,JKHY,NASDAQ,19.96,20.16,19.78,20.03,225193.0,
2003-11-24,JKHY,NASDAQ,20.5,21.02,20.4,21.0,498697.0,
2003-11-25,JKHY,NASDAQ,21.0,21.2,20.62,20.75,410014.0,
2003-11-26,JKHY,NASDAQ,20.95,21.0,20.69,20.77,312465.0,
2003-11-28,JKHY,NASDAQ,20.86,20.87,20.67,20.72,135280.0,
2003-12-01,JKHY,NASDAQ,20.87,21.25,20.66,21.11,410103.0,
2003-12-02,JKHY,NASDAQ,21.25,21.25,20.95,21.2,366699.0,
2003-12-03,JKHY,NASDAQ,21.26,21.91,21.17,21.91,638011.0,
2003-12-04,JKHY,NASDAQ,21.92,22.04,21.43,21.45,627444.0,
2003-12-05,JKHY,NASDAQ,21.45,21.55,20.95,21.26,610836.0,
2003-12-08,JKHY,NASDAQ,21.26,21.99,21.26,21.97,416204.0,
2003-12-09,JKHY,NASDAQ,21.95,21.99,21.15,21.15,360516.0,
2003-12-10,JKHY,NASDAQ,21.06,21.35,21.0,21.0,395529.0,
2003-12-11,JKHY,NASDAQ,21.0,21.82,20.96,21.5,480419.0,
2003-12-12,JKHY,NASDAQ,21.71,22.0,21.56,21.73,398627.0,
2003-12-15,JKHY,NASDAQ,21.89,22.0,21.05,21.05,529412.0,
2003-12-16,JKHY,NASDAQ,21.11,21.47,21.02,21.26,428776.0,
2003-12-17,JKHY,NASDAQ,21.4,21.4,20.79,21.0,405259.0,
2003-12-18,JKHY,NASDAQ,20.89,21.13,20.86,21.1,479695.0,
2003-12-19,JKHY,NASDAQ,20.86,21.1,20.59,20.87,497748.0,
2003-12-22,JKHY,NASDAQ,20.9,21.12,20.84,20.98,456099.0,
2003-12-23,JKHY,NASDAQ,21.01,21.1,20.82,20.85,361388.0,
2003-12-24,JKHY,NASDAQ,20.99,21.0,20.74,20.89,121995.0,
2003-12-26,JKHY,NASDAQ,20.89,20.97,20.65,20.65,119744.0,
2003-12-29,JKHY,NASDAQ,20.8,20.9,20.63,20.9,643164.0,
2003-12-30,JKHY,NASDAQ,20.87,20.87,20.68,20.84,439385.0,
2003-12-31,JKHY,NASDAQ,20.89,20.89,20.58,20.58,341198.0,
2004-01-02,JKHY,NASDAQ,20.6,20.89,20.53,20.63,286613.0,
2004-01-05,JKHY,NASDAQ,20.64,20.92,20.63,20.9,652683.0,
2004-01-06,JKHY,NASDAQ,20.84,21.0,20.49,20.5,620396.0,
2004-01-07,JKHY,NASDAQ,20.53,20.551,20.25,20.4,895473.0,
2004-01-08,JKHY,NASDAQ,20.99,20.99,20.13,20.19,618757.0,
2004-01-09,JKHY,NASDAQ,20.3,20.33,19.58,19.67,754058.0,
2004-01-12,JKHY,NASDAQ,19.6,20.0,19.6,19.9,537685.0,
2004-01-13,JKHY,NASDAQ,19.89,19.97,19.67,19.73,443455.0,
2004-01-14,JKHY,NASDAQ,19.8,20.03,19.64,19.95,410235.0,
2004-01-15,JKHY,NASDAQ,20.04,20.05,19.56,19.7,334501.0,
2004-01-16,JKHY,NASDAQ,19.7,19.949,19.5,19.51,672048.0,
2004-01-20,JKHY,NASDAQ,19.48,19.49,18.8,19.04,1236309.0,
2004-01-21,JKHY,NASDAQ,19.14,19.29,18.99,19.25,809856.0,
2004-01-22,JKHY,NASDAQ,19.3,19.42,18.88,18.97,472310.0,
2004-01-23,JKHY,NASDAQ,19.01,19.08,18.74,18.78,445508.0,
2004-01-26,JKHY,NASDAQ,18.7,19.06,18.65,18.86,819259.0,
2004-01-27,JKHY,NASDAQ,18.85,19.22,18.8,18.88,1198516.0,
2004-01-28,JKHY,NASDAQ,19.05,19.05,18.25,18.3,818580.0,
2004-01-29,JKHY,NASDAQ,18.35,18.6,18.24,18.5,406230.0,
2004-01-30,JKHY,NASDAQ,18.24,18.54,18.15,18.26,518621.0,
2004-02-02,JKHY,NASDAQ,18.21,18.54,18.16,18.3,479623.0,
2004-02-03,JKHY,NASDAQ,18.38,18.6,18.24,18.37,346307.0,
2004-02-04,JKHY,NASDAQ,18.38,18.4,18.06,18.26,365105.0,
2004-02-05,JKHY,NASDAQ,18.31,18.4,17.88,18.24,434376.0,
2004-02-06,JKHY,NASDAQ,18.1,18.55,18.03,18.47,464364.0,
2004-02-09,JKHY,NASDAQ,18.6,19.15,18.43,18.9,597715.0,
2004-02-10,JKHY,NASDAQ,18.93,19.22,18.83,19.2,403897.0,
2004-02-11,JKHY,NASDAQ,19.01,19.25,18.82,19.23,380595.0,
2004-02-12,JKHY,NASDAQ,19.0,19.17,18.83,19.02,353579.0,
2004-02-13,JKHY,NASDAQ,19.04,19.09,18.27,18.3,347426.0,
2004-02-17,JKHY,NASDAQ,18.72,19.0,18.51,18.97,344830.0,
2004-02-18,JKHY,NASDAQ,19.0,19.01,18.7,18.79,332493.0,
2004-02-19,JKHY,NASDAQ,18.71,18.92,18.11,18.15,255067.0,
2004-02-20,JKHY,NASDAQ,18.1,18.28,17.87,18.06,333042.0,
2004-02-23,JKHY,NASDAQ,17.91,18.25,17.8,17.85,405552.0,
2004-02-24,JKHY,NASDAQ,17.78,18.17,17.7,18.06,452544.0,
2004-02-25,JKHY,NASDAQ,18.17,18.34,18.0,18.31,295733.0,
2004-02-26,JKHY,NASDAQ,18.33,18.47,18.16,18.38,231042.0,
2004-02-27,JKHY,NASDAQ,18.37,18.65,18.2,18.55,368780.0,
2004-03-01,JKHY,NASDAQ,18.59,18.67,18.41,18.66,287043.0,
2004-03-02,JKHY,NASDAQ,18.75,18.76,18.44,18.56,317957.0,
2004-03-03,JKHY,NASDAQ,18.51,18.75,18.31,18.73,381761.0,
2004-03-04,JKHY,NASDAQ,18.62,19.08,18.62,19.08,619703.0,
2004-03-05,JKHY,NASDAQ,19.09,19.1,18.73,19.01,199254.0,
2004-03-08,JKHY,NASDAQ,19.11,19.13,18.51,18.56,248614.0,
2004-03-09,JKHY,NASDAQ,18.61,18.83,18.56,18.72,577735.0,
2004-03-10,JKHY,NASDAQ,18.8,18.84,18.26,18.27,258672.0,
2004-03-11,JKHY,NASDAQ,18.35,18.57,18.13,18.16,307815.0,
2004-03-12,JKHY,NASDAQ,18.22,18.74,18.15,18.72,243117.0,
2004-03-15,JKHY,NASDAQ,18.65,18.69,17.94,18.21,452669.0,
2004-03-16,JKHY,NASDAQ,18.34,18.46,17.9,18.31,304997.0,
2004-03-17,JKHY,NASDAQ,18.44,18.79,18.29,18.79,255668.0,
2004-03-18,JKHY,NASDAQ,18.75,18.75,18.45,18.65,266609.0,
2004-03-19,JKHY,NASDAQ,18.64,18.73,18.31,18.31,165001.0,
2004-03-22,JKHY,NASDAQ,18.3,18.41,17.99,18.05,393413.0,
2004-03-23,JKHY,NASDAQ,18.15,18.58,18.03,18.3,279519.0,
2004-03-24,JKHY,NASDAQ,18.4,18.54,18.1,18.35,277840.0,
2004-03-25,JKHY,NASDAQ,18.3,18.99,18.3,18.94,301816.0,
2004-03-26,JKHY,NASDAQ,18.88,18.99,18.68,18.69,128188.0,
2004-03-29,JKHY,NASDAQ,19.0,19.0,18.8699,18.93,207808.0,
2004-03-30,JKHY,NASDAQ,19.06,19.3,18.91,19.3,114589.0,
2004-03-31,JKHY,NASDAQ,19.21,19.42,19.1,19.13,220206.0,
2004-04-01,JKHY,NASDAQ,19.32,19.41,19.02,19.4,205593.0,
2004-04-02,JKHY,NASDAQ,19.54,19.82,19.43,19.76,375157.0,
2004-04-05,JKHY,NASDAQ,19.57,20.16,19.57,20.16,482260.0,
2004-04-06,JKHY,NASDAQ,20.1,20.12,19.75,19.768,343080.0,
2004-04-07,JKHY,NASDAQ,19.92,20.1,19.75,19.97,219494.0,
2004-04-08,JKHY,NASDAQ,20.11,20.11,19.69,19.9,223441.0,
2004-04-12,JKHY,NASDAQ,19.81,20.04,19.55,19.64,385541.0,
2004-04-13,JKHY,NASDAQ,19.55,19.85,18.94,19.2,388181.0,
2004-04-14,JKHY,NASDAQ,19.07,19.42,18.81,19.0,292269.0,
2004-04-15,JKHY,NASDAQ,18.95,19.0,18.75,18.89,399722.0,
2004-04-16,JKHY,NASDAQ,18.81,18.94,18.55,18.71,178145.0,
2004-04-19,JKHY,NASDAQ,18.78,19.17,18.53,19.08,248854.0,
2004-04-20,JKHY,NASDAQ,19.26,19.28,18.46,18.55,270759.0,
2004-04-21,JKHY,NASDAQ,18.62,19.35,18.55,19.1,707165.0,
2004-04-22,JKHY,NASDAQ,19.04,19.249,18.81,19.1,372422.0,
2004-04-23,JKHY,NASDAQ,19.24,19.24,18.7,18.85,199756.0,
2004-04-26,JKHY,NASDAQ,18.77,19.3,18.77,18.98,373510.0,
2004-04-27,JKHY,NASDAQ,19.13,19.44,18.96,19.29,260115.0,
2004-04-28,JKHY,NASDAQ,19.13,19.28,18.5,18.57,515710.0,
2004-04-29,JKHY,NASDAQ,18.67,18.83,18.21,18.4,313280.0,
2004-04-30,JKHY,NASDAQ,18.39,18.56,18.11,18.3,370063.0,
2004-05-03,JKHY,NASDAQ,18.26,18.75,18.1,18.6,427028.0,
2004-05-04,JKHY,NASDAQ,18.75,19.04,18.54,18.95,256811.0,
2004-05-05,JKHY,NASDAQ,18.84,19.0,18.36,18.71,279972.0,
2004-05-06,JKHY,NASDAQ,18.57,18.68,18.36,18.5,357350.0,
2004-05-07,JKHY,NASDAQ,18.6,18.88,18.0799,18.11,323428.0,
2004-05-10,JKHY,NASDAQ,18.03,18.19,17.7,17.91,501660.0,
2004-05-11,JKHY,NASDAQ,18.09,18.53,18.03,18.51,504660.0,
2004-05-12,JKHY,NASDAQ,18.48,18.71,18.15,18.71,491074.0,
2004-05-13,JKHY,NASDAQ,18.63,18.76,18.46,18.65,238833.0,
2004-05-14,JKHY,NASDAQ,18.72,18.74,18.25,18.34,190434.0,
2004-05-17,JKHY,NASDAQ,18.2,18.37,17.93,18.19,153207.0,
2004-05-18,JKHY,NASDAQ,18.24,18.5,18.23,18.38,233243.0,
2004-05-19,JKHY,NASDAQ,18.35,18.85,18.1,18.1,282336.0,
2004-05-20,JKHY,NASDAQ,18.2,18.3,17.98,18.14,116593.0,
2004-05-21,JKHY,NASDAQ,18.15,18.29,17.95,18.09,124402.0,
2004-05-24,JKHY,NASDAQ,18.14,18.37,18.01,18.32,123734.0,
2004-05-25,JKHY,NASDAQ,18.33,18.84,18.15,18.8,287375.0,
2004-05-26,JKHY,NASDAQ,18.75,19.1,18.68,19.08,358004.0,
2004-05-27,JKHY,NASDAQ,19.11,19.33,18.97,19.33,290345.0,
2004-05-28,JKHY,NASDAQ,19.12,19.42,19.12,19.37,189467.0,
2004-06-01,JKHY,NASDAQ,19.4,19.51,19.35,19.42,276763.0,
2004-06-02,JKHY,NASDAQ,19.49,19.6,19.31,19.39,353905.0,
2004-06-03,JKHY,NASDAQ,19.39,19.4,19.05,19.05,260562.0,
2004-06-04,JKHY,NASDAQ,19.1,19.19,19.03,19.1,153103.0,
2004-06-07,JKHY,NASDAQ,19.05,19.19,19.0,19.13,150401.0,
2004-06-08,JKHY,NASDAQ,19.02,19.17,19.01,19.11,201071.0,
2004-06-09,JKHY,NASDAQ,19.21,19.24,18.84,18.85,181979.0,
2004-06-10,JKHY,NASDAQ,19.0,19.15,18.86,18.9,223528.0,
2004-06-14,JKHY,NASDAQ,18.85,18.9,18.51,18.59,242442.0,
2004-06-15,JKHY,NASDAQ,18.65,19.06,18.48,19.0,363415.0,
2004-06-16,JKHY,NASDAQ,18.95,19.36,18.95,19.36,343967.0,
2004-06-17,JKHY,NASDAQ,19.36,19.36,18.81,19.01,325478.0,
2004-06-18,JKHY,NASDAQ,18.89,19.48,18.81,19.45,342356.0,
2004-06-21,JKHY,NASDAQ,19.32,19.5,19.32,19.42,350125.0,
2004-06-22,JKHY,NASDAQ,19.5,19.59,19.32,19.5,303951.0,
2004-06-23,JKHY,NASDAQ,19.37,19.76,19.35,19.7,259663.0,
2004-06-24,JKHY,NASDAQ,19.53,20.0,19.46,19.93,411062.0,
2004-06-25,JKHY,NASDAQ,19.83,19.84,19.48,19.48,248129.0,
2004-06-28,JKHY,NASDAQ,19.69,19.85,19.51,19.57,148130.0,
2004-06-29,JKHY,NASDAQ,19.47,19.82,19.37,19.63,160166.0,
2004-06-30,JKHY,NASDAQ,19.53,20.1,19.53,20.1,351241.0,
2004-07-01,JKHY,NASDAQ,20.08,20.13,19.8,19.88,355369.0,
2004-07-02,JKHY,NASDAQ,19.88,19.93,19.645,19.73,101006.0,
2004-07-06,JKHY,NASDAQ,19.76,19.76,19.23,19.25,170076.0,
2004-07-07,JKHY,NASDAQ,19.24,19.5,18.8,18.8,188907.0,
2004-07-08,JKHY,NASDAQ,18.76,18.92,18.19,18.46,640800.0,
2004-07-09,JKHY,NASDAQ,18.4,18.65,18.34,18.64,150908.0,
2004-07-12,JKHY,NASDAQ,18.7,18.92,18.46,18.82,246841.0,
2004-07-13,JKHY,NASDAQ,19.0,19.11,17.82,18.34,1096821.0,
2004-07-14,JKHY,NASDAQ,18.2,18.43,18.2,18.3,562550.0,
2004-07-15,JKHY,NASDAQ,18.28,18.41,18.25,18.28,290956.0,
2004-07-16,JKHY,NASDAQ,18.26,18.49,17.89,17.94,397077.0,
2004-07-19,JKHY,NASDAQ,18.1,18.3,17.86,17.98,334093.0,
2004-07-20,JKHY,NASDAQ,17.995,18.45,17.995,18.42,337671.0,
2004-07-21,JKHY,NASDAQ,18.33,18.64,18.16,18.2,199614.0,
2004-07-22,JKHY,NASDAQ,18.29,18.32,17.52,17.9,700668.0,
2004-07-23,JKHY,NASDAQ,18.0,18.07,17.35,17.39,194420.0,
2004-07-26,JKHY,NASDAQ,17.44,17.64,17.22,17.26,292513.0,
2004-07-27,JKHY,NASDAQ,17.35,17.86,17.17,17.79,265345.0,
2004-07-28,JKHY,NASDAQ,18.08,19.14,17.96,18.65,895919.0,
2004-07-29,JKHY,NASDAQ,18.67,19.2,18.66,19.11,413498.0,
2004-07-30,JKHY,NASDAQ,18.89,19.53,18.86,19.25,389230.0,
2004-08-02,JKHY,NASDAQ,19.07,19.55,19.02,19.45,262355.0,
2004-08-03,JKHY,NASDAQ,19.38,19.4,18.9,18.92,202385.0,
2004-08-04,JKHY,NASDAQ,19.04,19.13,18.72,18.86,208404.0,
2004-08-05,JKHY,NASDAQ,18.71,18.84,18.3,18.3,229084.0,
2004-08-06,JKHY,NASDAQ,18.33,18.33,17.75,17.76,286476.0,
2004-08-09,JKHY,NASDAQ,17.8,17.97,17.68,17.74,127168.0,
2004-08-10,JKHY,NASDAQ,17.61,18.1,17.6,18.1,132694.0,
2004-08-11,JKHY,NASDAQ,18.13,18.13,17.55,17.74,163828.0,
2004-08-12,JKHY,NASDAQ,17.62,17.75,17.36,17.51,163109.0,
2004-08-13,JKHY,NASDAQ,17.55,17.72,17.33,17.63,178505.0,
2004-08-16,JKHY,NASDAQ,17.54,18.2,17.52,18.11,305546.0,
2004-08-17,JKHY,NASDAQ,18.06,18.35,17.93,17.96,148453.0,
2004-08-18,JKHY,NASDAQ,18.07,18.25,17.78,18.2,208110.0,
2004-08-19,JKHY,NASDAQ,18.07,18.49,18.06,18.33,150624.0,
2004-08-20,JKHY,NASDAQ,18.3,18.48,18.19,18.41,212371.0,
2004-08-23,JKHY,NASDAQ,18.26,18.48,18.22,18.26,195742.0,
2004-08-24,JKHY,NASDAQ,18.19,18.35,18.03,18.15,153399.0,
2004-08-25,JKHY,NASDAQ,18.25,18.3,17.97,18.28,197414.0,
2004-08-26,JKHY,NASDAQ,18.3,18.32,17.96,18.04,243464.0,
2004-08-27,JKHY,NASDAQ,18.14,18.24,17.96,18.23,234041.0,
2004-08-30,JKHY,NASDAQ,18.19,18.24,17.77,18.03,146271.0,
2004-08-31,JKHY,NASDAQ,18.03,18.18,17.64,18.11,378274.0,
2004-09-01,JKHY,NASDAQ,18.05,18.29,17.76,18.29,297999.0,
2004-09-02,JKHY,NASDAQ,18.14,18.48,18.14,18.48,245353.0,
2004-09-03,JKHY,NASDAQ,18.3,18.6,18.28,18.45,270144.0,
2004-09-07,JKHY,NASDAQ,18.65,18.84,18.45,18.75,214872.0,
2004-09-08,JKHY,NASDAQ,19.23,19.48,19.0,19.25,430345.0,
2004-09-09,JKHY,NASDAQ,19.25,19.4,19.25,19.37,302951.0,
2004-09-10,JKHY,NASDAQ,19.36,19.61,19.14,19.46,282034.0,
2004-09-13,JKHY,NASDAQ,19.39,19.6,19.39,19.6,287269.0,
2004-09-14,JKHY,NASDAQ,19.61,19.65,19.33,19.45,259896.0,
2004-09-15,JKHY,NASDAQ,19.45,19.45,19.25,19.4,270510.0,
2004-09-16,JKHY,NASDAQ,19.4,19.65,19.35,19.47,174635.0,
2004-09-17,JKHY,NASDAQ,19.5,19.53,18.98,19.1,374217.0,
2004-09-20,JKHY,NASDAQ,18.95,19.42,18.95,19.27,289111.0,
2004-09-21,JKHY,NASDAQ,19.18,19.4,19.05,19.17,123668.0,
2004-09-22,JKHY,NASDAQ,19.09,19.2,18.64,18.7,160518.0,
2004-09-23,JKHY,NASDAQ,18.71,18.83,18.55,18.66,182047.0,
2004-09-24,JKHY,NASDAQ,18.66,18.82,18.53,18.68,178218.0,
2004-09-27,JKHY,NASDAQ,18.77,18.77,18.55,18.56,144936.0,
2004-09-28,JKHY,NASDAQ,18.79,18.81,18.25,18.74,287100.0,
2004-09-29,JKHY,NASDAQ,18.6,18.93,18.58,18.86,163481.0,
2004-09-30,JKHY,NASDAQ,18.97,18.98,18.6,18.77,161250.0,
2004-10-01,JKHY,NASDAQ,18.85,19.25,18.69,19.21,186678.0,
2004-10-04,JKHY,NASDAQ,19.1,19.48,19.1,19.37,251991.0,
2004-10-05,JKHY,NASDAQ,19.26,19.4,19.14,19.24,174225.0,
2004-10-06,JKHY,NASDAQ,19.26,19.53,19.0,19.51,158953.0,
2004-10-07,JKHY,NASDAQ,19.36,19.53,19.28,19.32,157798.0,
2004-10-08,JKHY,NASDAQ,19.29,19.42,19.11,19.26,197296.0,
2004-10-11,JKHY,NASDAQ,19.19,19.39,19.13,19.19,262744.0,
2004-10-12,JKHY,NASDAQ,19.12,19.5,19.08,19.46,166252.0,
2004-10-13,JKHY,NASDAQ,19.38,19.54,19.23,19.27,144223.0,
2004-10-14,JKHY,NASDAQ,19.22,19.33,18.88,18.88,129739.0,
2004-10-15,JKHY,NASDAQ,18.81,19.4,18.8,19.25,237799.0,
2004-10-18,JKHY,NASDAQ,19.32,19.6,19.02,19.54,241880.0,
2004-10-19,JKHY,NASDAQ,19.55,19.57,19.15,19.2,163487.0,
2004-10-20,JKHY,NASDAQ,19.15,19.49,18.56,18.61,314083.0,
2004-10-21,JKHY,NASDAQ,18.66,19.0,18.51,18.865,382908.0,
2004-10-22,JKHY,NASDAQ,18.91,19.1,18.84,19.0,428651.0,
2004-10-25,JKHY,NASDAQ,19.01,19.08,18.74,19.06,386025.0,
2004-10-26,JKHY,NASDAQ,19.03,19.04,18.66,18.73,351967.0,
2004-10-27,JKHY,NASDAQ,18.61,18.8,18.61,18.75,737663.0,
2004-10-28,JKHY,NASDAQ,18.78,18.8,18.5,18.61,442811.0,
2004-10-29,JKHY,NASDAQ,18.5,18.88,18.5,18.64,466726.0,
2004-11-01,JKHY,NASDAQ,18.5,19.26,18.5,19.15,625133.0,
2004-11-02,JKHY,NASDAQ,19.64,19.66,18.75,19.48,415529.0,
2004-11-03,JKHY,NASDAQ,19.65,19.86,19.48,19.7,350743.0,
2004-11-04,JKHY,NASDAQ,19.65,19.94,19.65,19.93,208940.0,
2004-11-05,JKHY,NASDAQ,19.95,20.55,19.85,20.19,956191.0,
2004-11-08,JKHY,NASDAQ,20.12,20.25,19.93,20.01,327937.0,
2004-11-09,JKHY,NASDAQ,19.89,20.25,19.89,20.24,317401.0,
2004-11-10,JKHY,NASDAQ,20.24,20.4,20.04,20.17,280257.0,
2004-11-11,JKHY,NASDAQ,20.15,20.38,20.11,20.34,170223.0,
2004-11-12,JKHY,NASDAQ,20.3,20.3,19.87,20.16,182655.0,
2004-11-15,JKHY,NASDAQ,20.1,20.43,20.05,20.31,272703.0,
2004-11-16,JKHY,NASDAQ,20.39,20.42,19.94,20.08,221661.0,
2004-11-17,JKHY,NASDAQ,20.06,20.5,20.06,20.45,315471.0,
2004-11-18,JKHY,NASDAQ,20.47,20.51,20.36,20.48,397948.0,
2004-11-19,JKHY,NASDAQ,20.42,20.5,20.05,20.15,291948.0,
2004-11-22,JKHY,NASDAQ,20.09,20.2,19.86,19.93,185845.0,
2004-11-23,JKHY,NASDAQ,19.86,20.02,19.55,19.88,205769.0,
2004-11-24,JKHY,NASDAQ,19.95,19.95,19.66,19.93,243583.0,
2004-11-26,JKHY,NASDAQ,19.82,19.93,19.7,19.73,61168.0,
2004-11-29,JKHY,NASDAQ,19.84,19.94,19.54,19.69,250058.0,
2004-11-30,JKHY,NASDAQ,19.65,19.69,19.26,19.28,271144.0,
2004-12-01,JKHY,NASDAQ,19.19,19.53,19.19,19.5,377547.0,
2004-12-02,JKHY,NASDAQ,19.48,19.59,19.24,19.38,253157.0,
2004-12-03,JKHY,NASDAQ,19.27,19.69,19.24,19.68,244491.0,
2004-12-06,JKHY,NASDAQ,19.58,19.78,19.43,19.71,262035.0,
2004-12-07,JKHY,NASDAQ,19.81,19.81,19.24,19.24,198240.0,
2004-12-08,JKHY,NASDAQ,19.23,19.48,19.07,19.14,232590.0,
2004-12-09,JKHY,NASDAQ,19.16,19.481,18.86,19.26,314519.0,
2004-12-10,JKHY,NASDAQ,19.27,19.33,19.1,19.17,213732.0,
2004-12-13,JKHY,NASDAQ,19.08,19.37,19.08,19.22,246401.0,
2004-12-14,JKHY,NASDAQ,19.25,19.44,19.14,19.29,213497.0,
2004-12-15,JKHY,NASDAQ,19.19,19.37,19.05,19.35,225616.0,
2004-12-16,JKHY,NASDAQ,19.32,19.47,19.05,19.13,197642.0,
2004-12-17,JKHY,NASDAQ,19.23,19.24,18.87,19.04,376889.0,
2004-12-20,JKHY,NASDAQ,18.92,19.15,18.72,18.72,222885.0,
2004-12-21,JKHY,NASDAQ,18.94,19.3,18.87,19.3,624751.0,
2004-12-22,JKHY,NASDAQ,19.28,19.737,19.18,19.7,474172.0,
2004-12-23,JKHY,NASDAQ,19.65,19.81,19.56,19.6,348602.0,
2004-12-27,JKHY,NASDAQ,19.55,19.73,19.3,19.5,158828.0,
2004-12-28,JKHY,NASDAQ,19.5,19.72,19.43,19.59,210924.0,
2004-12-29,JKHY,NASDAQ,19.63,20.01,19.51,19.95,269459.0,
2004-12-30,JKHY,NASDAQ,19.9,20.08,19.88,20.04,333391.0,
2004-12-31,JKHY,NASDAQ,19.84,20.13,19.84,19.91,264697.0,
2005-01-03,JKHY,NASDAQ,20.66,21.21,20.52,20.88,1062208.0,
2005-01-04,JKHY,NASDAQ,20.83,21.15,20.17,20.18,621434.0,
2005-01-05,JKHY,NASDAQ,20.22,20.69,20.22,20.29,753118.0,
2005-01-06,JKHY,NASDAQ,20.9,21.17,20.55,21.04,1171121.0,
2005-01-07,JKHY,NASDAQ,20.95,21.8,20.9,21.36,951669.0,
2005-01-10,JKHY,NASDAQ,21.38,21.6,21.163,21.2,411874.0,
2005-01-11,JKHY,NASDAQ,21.2,21.45,21.05,21.09,301337.0,
2005-01-12,JKHY,NASDAQ,21.08,21.24,20.96,21.03,568349.0,
2005-01-13,JKHY,NASDAQ,20.92,21.27,20.73,20.91,626075.0,
2005-01-14,JKHY,NASDAQ,21.0,21.31,20.92,21.29,582272.0,
2005-01-18,JKHY,NASDAQ,21.26,21.8,21.05,21.76,482720.0,
2005-01-19,JKHY,NASDAQ,21.47,21.96,21.45,21.73,730326.0,
2005-01-20,JKHY,NASDAQ,21.73,21.75,20.96,21.16,807210.0,
2005-01-21,JKHY,NASDAQ,21.0,21.2,20.71,20.86,446852.0,
2005-01-24,JKHY,NASDAQ,20.75,20.89,20.52,20.64,329556.0,
2005-01-25,JKHY,NASDAQ,20.68,20.68,20.24,20.33,647627.0,
2005-01-26,JKHY,NASDAQ,20.3,20.71,20.24,20.71,702886.0,
2005-01-27,JKHY,NASDAQ,20.61,20.64,20.38,20.54,348073.0,
2005-01-28,JKHY,NASDAQ,20.51,20.67,20.19,20.45,345512.0,
2005-01-31,JKHY,NASDAQ,20.45,20.83,20.4,20.79,408512.0,
2005-02-01,JKHY,NASDAQ,20.87,21.0,20.63,20.85,311456.0,
2005-02-02,JKHY,NASDAQ,20.85,20.97,20.48,20.93,418405.0,
2005-02-03,JKHY,NASDAQ,20.86,20.93,20.3,20.49,261881.0,
2005-02-04,JKHY,NASDAQ,20.5,20.69,20.37,20.57,445936.0,
2005-02-07,JKHY,NASDAQ,20.57,20.691,20.4,20.59,182583.0,
2005-02-08,JKHY,NASDAQ,20.6,20.7,20.33,20.38,386045.0,
2005-02-09,JKHY,NASDAQ,20.3,20.37,19.86,19.9,393703.0,
2005-02-10,JKHY,NASDAQ,20.0,20.07,19.58,19.8,463466.0,
2005-02-11,JKHY,NASDAQ,19.69,20.01,19.6,19.88,230863.0,
2005-02-14,JKHY,NASDAQ,19.82,20.08,19.81,20.03,215217.0,
2005-02-15,JKHY,NASDAQ,20.0,20.03,19.61,19.97,392591.0,
2005-02-16,JKHY,NASDAQ,19.87,20.04,19.79,20.04,190974.0,
2005-02-17,JKHY,NASDAQ,19.95,20.06,19.6,19.66,206823.0,
2005-02-18,JKHY,NASDAQ,19.75,19.84,19.5,19.69,269972.0,
2005-02-22,JKHY,NASDAQ,19.69,19.9,19.5,19.77,439266.0,
2005-02-23,JKHY,NASDAQ,19.75,19.84,19.57,19.73,370085.0,
2005-02-24,JKHY,NASDAQ,19.8,19.88,19.55,19.88,189829.0,
2005-02-25,JKHY,NASDAQ,19.9,19.98,19.68,19.98,191163.0,
2005-02-28,JKHY,NASDAQ,19.89,19.98,19.61,19.85,294879.0,
2005-03-01,JKHY,NASDAQ,19.7,19.99,19.62,19.9,646774.0,
2005-03-02,JKHY,NASDAQ,19.9,19.96,19.66,19.81,180089.0,
2005-03-03,JKHY,NASDAQ,20.0,20.01,19.52,19.7,213900.0,
2005-03-04,JKHY,NASDAQ,19.83,19.83,19.36,19.6,361510.0,
2005-03-07,JKHY,NASDAQ,19.54,19.71,19.44,19.6,252955.0,
2005-03-08,JKHY,NASDAQ,19.65,19.65,19.26,19.33,236888.0,
2005-03-09,JKHY,NASDAQ,19.36,19.41,19.03,19.1,258073.0,
2005-03-10,JKHY,NASDAQ,19.18,19.54,19.06,19.4,330128.0,
2005-03-11,JKHY,NASDAQ,19.36,19.55,19.28,19.54,358431.0,
2005-03-14,JKHY,NASDAQ,19.57,19.78,19.51,19.78,242058.0,
2005-03-15,JKHY,NASDAQ,19.7,20.02,19.61,19.61,347576.0,
2005-03-16,JKHY,NASDAQ,19.51,19.72,19.06,19.21,502417.0,
2005-03-17,JKHY,NASDAQ,19.11,19.21,18.86,18.95,401265.0,
2005-03-18,JKHY,NASDAQ,18.85,18.92,18.66,18.86,712548.0,
2005-03-21,JKHY,NASDAQ,18.9,19.03,18.66,18.88,429705.0,
2005-03-22,JKHY,NASDAQ,18.75,19.028,18.72,18.81,365128.0,
2005-03-23,JKHY,NASDAQ,18.71,19.03,18.7,18.88,316229.0,
2005-03-24,JKHY,NASDAQ,19.0,19.05,18.74,18.74,300099.0,
2005-03-28,JKHY,NASDAQ,18.75,18.99,17.79,18.25,905439.0,
2005-03-29,JKHY,NASDAQ,18.35,18.4,17.98,18.04,816462.0,
2005-03-30,JKHY,NASDAQ,18.12,18.5,18.08,18.46,541253.0,
2005-03-31,JKHY,NASDAQ,18.4,18.44,17.86,17.99,891079.0,
2005-04-01,JKHY,NASDAQ,18.13,18.24,17.64,17.96,601970.0,
2005-04-04,JKHY,NASDAQ,17.95,18.21,17.77,18.17,514904.0,
2005-04-05,JKHY,NASDAQ,18.26,18.26,17.95,17.98,358174.0,
2005-04-06,JKHY,NASDAQ,18.13,18.3,17.93,17.93,352650.0,
2005-04-07,JKHY,NASDAQ,18.0,18.098,17.85,17.96,261041.0,
2005-04-08,JKHY,NASDAQ,17.96,17.97,17.72,17.82,192592.0,
2005-04-11,JKHY,NASDAQ,17.88,17.94,17.59,17.63,311861.0,
2005-04-12,JKHY,NASDAQ,17.69,17.88,17.46,17.76,633925.0,
2005-04-13,JKHY,NASDAQ,17.59,18.5,17.57,18.06,565104.0,
2005-04-14,JKHY,NASDAQ,17.99,18.22,17.87,17.95,452268.0,
2005-04-15,JKHY,NASDAQ,18.03,18.03,17.3,17.36,554965.0,
2005-04-18,JKHY,NASDAQ,17.51,17.71,17.29,17.7,320249.0,
2005-04-19,JKHY,NASDAQ,17.85,17.85,17.41,17.66,259709.0,
2005-04-20,JKHY,NASDAQ,17.73,17.79,17.3,17.4,269896.0,
2005-04-21,JKHY,NASDAQ,16.3,17.59,15.35,17.51,1535731.0,
2005-04-22,JKHY,NASDAQ,17.45,17.57,16.8,17.33,880905.0,
2005-04-25,JKHY,NASDAQ,17.46,17.91,17.2,17.77,821011.0,
2005-04-26,JKHY,NASDAQ,17.81,17.86,17.51,17.51,552250.0,
2005-04-27,JKHY,NASDAQ,17.5,17.71,17.4,17.54,1145920.0,
2005-04-28,JKHY,NASDAQ,17.47,17.47,17.04,17.16,516723.0,
2005-04-29,JKHY,NASDAQ,17.03,17.31,17.03,17.19,408897.0,
2005-05-02,JKHY,NASDAQ,17.28,17.35,17.11,17.15,296716.0,
2005-05-03,JKHY,NASDAQ,17.21,17.8,17.11,17.55,664875.0,
2005-05-04,JKHY,NASDAQ,17.5,17.88,17.46,17.73,399545.0,
2005-05-05,JKHY,NASDAQ,17.71,17.98,17.59,17.77,318736.0,
2005-05-06,JKHY,NASDAQ,17.72,17.884,17.69,17.75,244354.0,
2005-05-09,JKHY,NASDAQ,17.68,17.86,17.6,17.78,198853.0,
2005-05-10,JKHY,NASDAQ,17.71,18.0,17.6,17.8,423233.0,
2005-05-11,JKHY,NASDAQ,17.77,17.9,17.5,17.65,238238.0,
2005-05-12,JKHY,NASDAQ,17.75,17.75,17.54,17.7,471215.0,
2005-05-13,JKHY,NASDAQ,17.61,18.0,17.6,17.66,334118.0,
2005-05-16,JKHY,NASDAQ,17.78,17.9,17.62,17.77,382537.0,
2005-05-17,JKHY,NASDAQ,17.73,17.89,17.61,17.8,198305.0,
2005-05-18,JKHY,NASDAQ,17.77,18.01,17.66,17.99,268847.0,
2005-05-19,JKHY,NASDAQ,17.98,17.98,17.7979,17.85,396232.0,
2005-05-20,JKHY,NASDAQ,17.81,17.89,17.66,17.77,282523.0,
2005-05-23,JKHY,NASDAQ,17.84,17.85,17.7,17.78,334697.0,
2005-05-24,JKHY,NASDAQ,17.85,17.85,17.71,17.75,203337.0,
2005-05-25,JKHY,NASDAQ,17.65,17.75,17.51,17.62,225438.0,
2005-05-26,JKHY,NASDAQ,17.75,17.75,17.51,17.7,296009.0,
2005-05-27,JKHY,NASDAQ,17.66,17.75,17.56,17.67,132618.0,
2005-05-31,JKHY,NASDAQ,17.75,17.75,17.51,17.69,272003.0,
2005-06-01,JKHY,NASDAQ,17.75,17.79,17.55,17.63,302088.0,
2005-06-02,JKHY,NASDAQ,17.7,18.0,17.6,17.98,773862.0,
2005-06-03,JKHY,NASDAQ,17.98,18.2,17.77,18.0,600642.0,
2005-06-06,JKHY,NASDAQ,18.09,18.72,18.02,18.56,398803.0,
2005-06-07,JKHY,NASDAQ,18.72,18.81,18.44,18.49,317331.0,
2005-06-08,JKHY,NASDAQ,18.66,18.72,18.42,18.48,286991.0,
2005-06-09,JKHY,NASDAQ,18.57,18.75,18.43,18.74,478567.0,
2005-06-10,JKHY,NASDAQ,18.81,18.89,18.52,18.62,181444.0,
2005-06-13,JKHY,NASDAQ,18.68,18.86,18.5,18.77,300569.0,
2005-06-14,JKHY,NASDAQ,18.62,18.73,18.49,18.62,386158.0,
2005-06-15,JKHY,NASDAQ,18.47,18.67,18.34,18.39,286737.0,
2005-06-16,JKHY,NASDAQ,18.47,18.75,18.38,18.73,240962.0,
2005-06-17,JKHY,NASDAQ,18.76,18.79,18.27,18.31,503659.0,
2005-06-20,JKHY,NASDAQ,18.57,19.05,18.41,18.95,541193.0,
2005-06-21,JKHY,NASDAQ,18.91,19.09,18.8672,19.03,479402.0,
2005-06-22,JKHY,NASDAQ,19.08,19.19,19.01,19.07,525150.0,
2005-06-23,JKHY,NASDAQ,19.04,19.1,18.53,18.71,279624.0,
2005-06-24,JKHY,NASDAQ,18.68,18.94,18.27,18.53,4087446.0,
2005-06-27,JKHY,NASDAQ,18.5,18.58,18.19,18.5,465099.0,
2005-06-28,JKHY,NASDAQ,18.62,18.74,18.35,18.64,399348.0,
2005-06-29,JKHY,NASDAQ,18.69,18.72,18.37,18.48,233481.0,
2005-06-30,JKHY,NASDAQ,18.39,18.59,18.29,18.31,608959.0,
2005-07-01,JKHY,NASDAQ,18.25,18.51,18.17,18.37,293302.0,
2005-07-05,JKHY,NASDAQ,18.4,18.57,18.18,18.55,423131.0,
2005-07-06,JKHY,NASDAQ,18.6,18.65,18.4,18.47,274283.0,
2005-07-07,JKHY,NASDAQ,18.34,18.59,18.04,18.47,269227.0,
2005-07-08,JKHY,NASDAQ,18.45,18.91,18.3,18.8,390600.0,
2005-07-11,JKHY,NASDAQ,18.96,19.27,18.67,19.15,445960.0,
2005-07-12,JKHY,NASDAQ,19.15,19.34,19.0,19.17,288581.0,
2005-07-13,JKHY,NASDAQ,19.26,19.3,19.06,19.26,325475.0,
2005-07-14,JKHY,NASDAQ,19.43,19.5,19.14,19.26,285248.0,
2005-07-15,JKHY,NASDAQ,19.2,19.55,19.15,19.53,682007.0,
2005-07-18,JKHY,NASDAQ,19.6,19.65,19.26,19.31,684517.0,
2005-07-19,JKHY,NASDAQ,19.27,19.67,19.27,19.61,204317.0,
2005-07-20,JKHY,NASDAQ,19.6,19.73,19.44,19.72,391184.0,
2005-07-21,JKHY,NASDAQ,19.75,19.8,19.41,19.45,322043.0,
2005-07-22,JKHY,NASDAQ,19.33,19.63,19.23,19.53,450001.0,
2005-07-25,JKHY,NASDAQ,19.56,19.56,19.148,19.2,391438.0,
2005-07-26,JKHY,NASDAQ,19.28,19.39,19.166,19.26,551599.0,
2005-07-27,JKHY,NASDAQ,19.36,19.36,19.0,19.15,427735.0,
2005-07-28,JKHY,NASDAQ,19.09,19.26,19.08,19.2,499709.0,
2005-07-29,JKHY,NASDAQ,19.1,19.3,18.91,19.26,624540.0,
2005-08-01,JKHY,NASDAQ,19.3,19.41,19.13,19.24,454040.0,
2005-08-02,JKHY,NASDAQ,19.3,19.33,18.98,19.19,438038.0,
2005-08-03,JKHY,NASDAQ,18.76,19.72,18.76,18.98,820901.0,
2005-08-04,JKHY,NASDAQ,19.01,19.06,18.7,18.71,518812.0,
2005-08-05,JKHY,NASDAQ,18.66,18.71,18.5,18.52,259566.0,
2005-08-08,JKHY,NASDAQ,18.67,18.8,18.55,18.63,466502.0,
2005-08-09,JKHY,NASDAQ,18.82,19.22,18.58,19.13,596600.0,
2005-08-10,JKHY,NASDAQ,19.16,19.2,18.35,18.55,653169.0,
2005-08-11,JKHY,NASDAQ,18.5,19.15,18.5,19.12,485476.0,
2005-08-12,JKHY,NASDAQ,19.07,19.212,18.75,19.13,576995.0,
2005-08-15,JKHY,NASDAQ,19.19,19.28,18.75,19.16,349525.0,
2005-08-16,JKHY,NASDAQ,19.0,19.08,18.7999,18.85,519360.0,
2005-08-17,JKHY,NASDAQ,18.8,19.1,18.8,18.86,275466.0,
2005-08-18,JKHY,NASDAQ,18.83,18.95,18.63,18.69,818714.0,
2005-08-19,JKHY,NASDAQ,18.65,18.846,18.61,18.76,566026.0,
2005-08-22,JKHY,NASDAQ,18.9,19.06,18.76,18.92,367887.0,
2005-08-23,JKHY,NASDAQ,18.85,18.91,18.76,18.81,382299.0,
2005-08-24,JKHY,NASDAQ,18.88,19.03,18.59,18.68,390652.0,
2005-08-25,JKHY,NASDAQ,18.75,19.1,18.6,19.1,356388.0,
2005-08-26,JKHY,NASDAQ,19.11,19.13,18.61,18.95,417925.0,
2005-08-29,JKHY,NASDAQ,18.97,19.0,18.8,19.0,316063.0,
2005-08-30,JKHY,NASDAQ,18.92,19.09,18.79,18.91,264028.0,
2005-08-31,JKHY,NASDAQ,19.0,19.58,18.8,19.56,628411.0,
2005-09-01,JKHY,NASDAQ,19.6,19.69,19.21,19.36,408074.0,
2005-09-02,JKHY,NASDAQ,19.24,19.5,19.24,19.32,298684.0,
2005-09-06,JKHY,NASDAQ,19.31,19.75,19.31,19.75,379075.0,
2005-09-07,JKHY,NASDAQ,19.62,19.75,19.51,19.74,318857.0,
2005-09-08,JKHY,NASDAQ,19.61,19.73,19.26,19.45,267860.0,
2005-09-09,JKHY,NASDAQ,19.38,19.7,19.32,19.67,274554.0,
2005-09-12,JKHY,NASDAQ,19.63,19.79,19.43,19.71,300737.0,
2005-09-13,JKHY,NASDAQ,19.66,19.7,19.39,19.44,283431.0,
2005-09-14,JKHY,NASDAQ,19.61,19.75,19.24,19.28,343445.0,
2005-09-15,JKHY,NASDAQ,19.23,19.39,18.93,19.0,486755.0,
2005-09-16,JKHY,NASDAQ,19.17,19.76,19.08,19.53,1173535.0,
2005-09-19,JKHY,NASDAQ,19.59,19.59,19.18,19.25,248152.0,
2005-09-20,JKHY,NASDAQ,19.34,19.42,18.86,18.96,431144.0,
2005-09-21,JKHY,NASDAQ,18.87,18.95,18.54,18.62,436384.0,
2005-09-22,JKHY,NASDAQ,18.57,19.17,18.55,18.96,617239.0,
2005-09-23,JKHY,NASDAQ,18.82,19.14,18.61,18.92,504217.0,
2005-09-26,JKHY,NASDAQ,18.96,19.06,18.76,18.93,447968.0,
2005-09-27,JKHY,NASDAQ,18.99,19.42,18.7,19.24,581440.0,
2005-09-28,JKHY,NASDAQ,19.37,19.38,18.65,19.01,651483.0,
2005-09-29,JKHY,NASDAQ,19.02,19.3,18.69,19.3,594583.0,
2005-09-30,JKHY,NASDAQ,19.22,19.5,18.95,19.4,422308.0,
2005-10-03,JKHY,NASDAQ,19.45,19.5,19.2,19.37,460937.0,
2005-10-04,JKHY,NASDAQ,19.4,19.59,19.08,19.22,431457.0,
2005-10-05,JKHY,NASDAQ,19.17,19.59,18.83,18.96,713690.0,
2005-10-06,JKHY,NASDAQ,18.88,19.1,18.4,18.49,835366.0,
2005-10-07,JKHY,NASDAQ,18.44,18.6,18.31,18.36,589465.0,
2005-10-10,JKHY,NASDAQ,18.35,18.68,18.1301,18.36,652394.0,
2005-10-11,JKHY,NASDAQ,18.28,18.47,18.12,18.22,784470.0,
2005-10-12,JKHY,NASDAQ,18.12,18.38,17.65,17.9,907784.0,
2005-10-13,JKHY,NASDAQ,17.8,18.17,17.65,18.03,544314.0,
2005-10-14,JKHY,NASDAQ,18.04,18.17,17.63,18.12,605121.0,
2005-10-17,JKHY,NASDAQ,18.09,18.2,17.8,18.07,390301.0,
2005-10-18,JKHY,NASDAQ,18.17,18.19,17.82,17.99,441164.0,
2005-10-19,JKHY,NASDAQ,17.9,18.38,17.75,18.32,668462.0,
2005-10-20,JKHY,NASDAQ,17.451,17.53,16.56,17.29,2945404.0,
2005-10-21,JKHY,NASDAQ,17.95,18.5,17.77,18.23,2219799.0,
2005-10-24,JKHY,NASDAQ,18.33,18.42,17.75,17.88,1168905.0,
2005-10-25,JKHY,NASDAQ,17.88,17.95,17.66,17.85,610503.0,
2005-10-26,JKHY,NASDAQ,17.76,18.04,17.66,17.75,802199.0,
2005-10-27,JKHY,NASDAQ,17.65,17.8,17.43,17.43,766172.0,
2005-10-28,JKHY,NASDAQ,17.56,17.83,17.48,17.77,410204.0,
2005-10-31,JKHY,NASDAQ,17.77,18.01,17.67,17.98,522892.0,
2005-11-01,JKHY,NASDAQ,17.88,18.0,17.7,17.86,378997.0,
2005-11-02,JKHY,NASDAQ,17.91,18.06,17.9,18.0,878401.0,
2005-11-03,JKHY,NASDAQ,18.0,18.23,17.95,18.18,474037.0,
2005-11-04,JKHY,NASDAQ,18.22,18.47,17.88,18.47,488494.0,
2005-11-07,JKHY,NASDAQ,18.47,18.63,18.29,18.57,607220.0,
2005-11-08,JKHY,NASDAQ,18.6,18.7,18.38,18.52,646399.0,
2005-11-09,JKHY,NASDAQ,18.52,18.81,18.25,18.64,619603.0,
2005-11-10,JKHY,NASDAQ,18.65,18.94,18.502,18.89,898462.0,
2005-11-11,JKHY,NASDAQ,18.83,19.02,18.61,18.96,424987.0,
2005-11-14,JKHY,NASDAQ,19.05,19.13,18.7,19.12,618576.0,
2005-11-15,JKHY,NASDAQ,19.07,19.15,18.85,18.96,546091.0,
2005-11-16,JKHY,NASDAQ,18.99,19.0,18.54,18.97,550591.0,
2005-11-17,JKHY,NASDAQ,18.97,19.37,18.88,19.29,591013.0,
2005-11-18,JKHY,NASDAQ,19.4,19.4,19.06,19.1,638926.0,
2005-11-21,JKHY,NASDAQ,19.1,19.23,18.78,19.0,630263.0,
2005-11-22,JKHY,NASDAQ,18.9,19.02,18.87,18.99,313495.0,
2005-11-23,JKHY,NASDAQ,18.91,19.15,18.89,19.0,310662.0,
2005-11-25,JKHY,NASDAQ,18.93,19.0,18.86,18.94,117411.0,
2005-11-28,JKHY,NASDAQ,18.94,19.18,18.8,19.16,509874.0,
2005-11-29,JKHY,NASDAQ,19.23,19.46,19.13,19.22,338646.0,
2005-11-30,JKHY,NASDAQ,19.19,19.62,19.02,19.14,582337.0,
2005-12-01,JKHY,NASDAQ,19.11,19.25,18.93,19.16,554751.0,
2005-12-02,JKHY,NASDAQ,19.2,19.2,18.95,19.18,385000.0,
2005-12-05,JKHY,NASDAQ,19.08,19.21,18.95,19.13,682859.0,
2005-12-06,JKHY,NASDAQ,19.2,19.49,19.1462,19.38,617948.0,
2005-12-07,JKHY,NASDAQ,19.44,19.54,19.218,19.5,510087.0,
2005-12-08,JKHY,NASDAQ,19.55,19.62,19.07,19.16,318855.0,
2005-12-09,JKHY,NASDAQ,19.1,19.28,19.02,19.19,294317.0,
2005-12-12,JKHY,NASDAQ,19.22,19.22,19.0,19.06,347835.0,
2005-12-13,JKHY,NASDAQ,18.96,19.18,18.9545,19.02,419325.0,
2005-12-14,JKHY,NASDAQ,19.08,19.14,18.93,19.07,659650.0,
2005-12-15,JKHY,NASDAQ,19.04,19.06,18.69,19.01,374042.0,
2005-12-16,JKHY,NASDAQ,19.1,19.1499,18.98,19.12,1015802.0,
2005-12-19,JKHY,NASDAQ,19.07,19.28,19.0,19.2,567692.0,
2005-12-20,JKHY,NASDAQ,19.15,19.34,19.05,19.23,315148.0,
2005-12-21,JKHY,NASDAQ,19.18,19.48,18.93,19.06,583192.0,
2005-12-22,JKHY,NASDAQ,19.07,19.11,18.95,19.05,419179.0,
2005-12-23,JKHY,NASDAQ,19.05,19.35,19.02,19.27,202253.0,
2005-12-27,JKHY,NASDAQ,19.26,19.45,18.96,19.1,293260.0,
2005-12-28,JKHY,NASDAQ,19.24,19.36,19.0,19.31,188552.0,
2005-12-29,JKHY,NASDAQ,19.23,19.49,19.17,19.17,408864.0,
2005-12-30,JKHY,NASDAQ,19.06,19.25,18.98,19.09,376092.0,
2006-01-03,JKHY,NASDAQ,19.1,19.43,19.09,19.35,642059.0,
2006-01-04,JKHY,NASDAQ,19.45,19.73,19.26,19.58,548213.0,
2006-01-05,JKHY,NASDAQ,19.65,19.95,19.31,19.75,650500.0,
2006-01-06,JKHY,NASDAQ,19.77,20.2,19.75,20.16,695826.0,
2006-01-09,JKHY,NASDAQ,20.01,20.39,19.99,20.35,945816.0,
2006-01-10,JKHY,NASDAQ,20.3,20.6,20.2,20.55,608498.0,
2006-01-11,JKHY,NASDAQ,20.52,20.85,20.52,20.79,759750.0,
2006-01-12,JKHY,NASDAQ,20.67,20.92,20.59,20.77,482284.0,
2006-01-13,JKHY,NASDAQ,20.75,20.94,20.42,20.91,470737.0,
2006-01-17,JKHY,NASDAQ,20.74,20.9,20.66,20.79,695459.0,
2006-01-18,JKHY,NASDAQ,20.5,21.0,20.4,20.88,604910.0,
2006-01-19,JKHY,NASDAQ,20.99,21.06,20.69,21.01,574247.0,
2006-01-20,JKHY,NASDAQ,21.08,21.08,20.56,20.82,728038.0,
2006-01-23,JKHY,NASDAQ,20.84,20.92,20.67,20.82,471662.0,
2006-01-24,JKHY,NASDAQ,20.9,20.95,20.43,20.61,726870.0,
2006-01-25,JKHY,NASDAQ,20.61,20.68,19.96,20.2,983309.0,
2006-01-26,JKHY,NASDAQ,20.33,20.46,20.16,20.25,593570.0,
2006-01-27,JKHY,NASDAQ,20.25,20.49,20.16,20.27,489550.0,
2006-01-30,JKHY,NASDAQ,20.25,20.42,20.01,20.31,541908.0,
2006-01-31,JKHY,NASDAQ,20.38,20.52,20.08,20.47,420550.0,
2006-02-01,JKHY,NASDAQ,20.34,20.73,20.1,20.42,648046.0,
2006-02-02,JKHY,NASDAQ,20.35,21.98,20.35,21.95,2016658.0,
2006-02-03,JKHY,NASDAQ,21.8,22.2,21.33,21.94,1307594.0,
2006-02-06,JKHY,NASDAQ,21.86,22.0,21.65,21.89,801035.0,
2006-02-07,JKHY,NASDAQ,21.83,22.25,21.68,21.75,532219.0,
2006-02-08,JKHY,NASDAQ,21.81,22.04,21.71,21.92,432728.0,
2006-02-09,JKHY,NASDAQ,21.9,22.04,21.74,21.81,452564.0,
2006-02-10,JKHY,NASDAQ,21.72,21.8,21.45,21.61,482281.0,
2006-02-13,JKHY,NASDAQ,21.45,21.56,21.2,21.33,529451.0,
2006-02-14,JKHY,NASDAQ,21.25,21.4,20.84,21.28,548409.0,
2006-02-15,JKHY,NASDAQ,21.3,21.53,21.13,21.46,438013.0,
2006-02-16,JKHY,NASDAQ,21.54,21.54,21.2,21.36,562584.0,
2006-02-17,JKHY,NASDAQ,21.41,21.43,21.08,21.25,588481.0,
2006-02-21,JKHY,NASDAQ,21.25,21.27,20.9,21.05,396295.0,
2006-02-22,JKHY,NASDAQ,21.14,21.21,20.95,21.06,654147.0,
2006-02-23,JKHY,NASDAQ,21.14,21.84,21.02,21.79,1268491.0,
2006-02-24,JKHY,NASDAQ,21.87,22.06,21.71,22.05,847354.0,
2006-02-27,JKHY,NASDAQ,22.13,22.38,22.07,22.18,917095.0,
2006-02-28,JKHY,NASDAQ,22.1,22.22,21.76,22.01,813263.0,
2006-03-01,JKHY,NASDAQ,22.15,22.28,21.94,22.28,322049.0,
2006-03-02,JKHY,NASDAQ,22.3,22.36,21.86,22.09,343949.0,
2006-03-03,JKHY,NASDAQ,21.95,22.51,21.88,22.46,962930.0,
2006-03-06,JKHY,NASDAQ,22.53,22.62,21.89,21.9,587281.0,
2006-03-07,JKHY,NASDAQ,21.89,22.2,21.63,22.13,423514.0,
2006-03-08,JKHY,NASDAQ,22.13,22.3,21.91,22.21,382174.0,
2006-03-09,JKHY,NASDAQ,22.16,22.33,22.01,22.21,305153.0,
2006-03-10,JKHY,NASDAQ,22.16,22.46,22.0,22.34,224000.0,
2006-03-13,JKHY,NASDAQ,22.29,22.64,22.15,22.26,540502.0,
2006-03-14,JKHY,NASDAQ,22.2,22.45,22.05,22.41,211499.0,
2006-03-15,JKHY,NASDAQ,22.47,22.62,22.23,22.61,223233.0,
2006-03-16,JKHY,NASDAQ,22.62,22.83,22.5,22.59,470934.0,
2006-03-17,JKHY,NASDAQ,22.59,22.94,22.38,22.87,934422.0,
2006-03-20,JKHY,NASDAQ,22.78,22.98,22.48,22.9,282176.0,
2006-03-21,JKHY,NASDAQ,22.78,22.85,22.35,22.46,411011.0,
2006-03-22,JKHY,NASDAQ,22.33,22.85,22.25,22.66,277542.0,
2006-03-23,JKHY,NASDAQ,22.72,22.75,22.41,22.66,225114.0,
2006-03-24,JKHY,NASDAQ,22.7,22.96,22.46,22.82,260600.0,
2006-03-27,JKHY,NASDAQ,22.75,22.85,22.29,22.37,240791.0,
2006-03-28,JKHY,NASDAQ,22.45,22.73,22.28,22.72,459808.0,
2006-03-29,JKHY,NASDAQ,22.75,22.8,22.48,22.65,340340.0,
2006-03-30,JKHY,NASDAQ,22.65,22.65,22.22,22.39,338756.0,
2006-03-31,JKHY,NASDAQ,22.5,22.9,22.33,22.87,524659.0,
2006-04-03,JKHY,NASDAQ,22.87,23.39,22.73,23.31,725683.0,
2006-04-04,JKHY,NASDAQ,23.4,23.62,23.19,23.39,450682.0,
2006-04-05,JKHY,NASDAQ,23.5,23.71,23.3,23.61,433614.0,
2006-04-06,JKHY,NASDAQ,23.7,23.7,23.35,23.5,273888.0,
2006-04-07,JKHY,NASDAQ,23.46,23.61,22.9899,23.17,334153.0,
2006-04-10,JKHY,NASDAQ,23.11,23.43,22.64,23.41,684324.0,
2006-04-11,JKHY,NASDAQ,23.43,23.466,22.75,23.07,328640.0,
2006-04-12,JKHY,NASDAQ,23.0,23.16,22.78,23.1,189033.0,
2006-04-13,JKHY,NASDAQ,23.01,23.13,22.7,22.94,392120.0,
2006-04-17,JKHY,NASDAQ,23.07,23.07,22.64,22.85,323605.0,
2006-04-18,JKHY,NASDAQ,22.88,23.37,22.7701,23.28,351687.0,
2006-04-19,JKHY,NASDAQ,23.18,23.37,22.67,23.04,538801.0,
2006-04-20,JKHY,NASDAQ,22.99,23.71,22.93,23.61,482237.0,
2006-04-21,JKHY,NASDAQ,23.75,23.77,23.33,23.67,622738.0,
2006-04-24,JKHY,NASDAQ,23.56,23.65,22.89,23.02,397551.0,
2006-04-25,JKHY,NASDAQ,22.98,23.05,22.61,22.95,614839.0,
2006-04-26,JKHY,NASDAQ,22.93,23.1,22.82,23.09,717101.0,
2006-04-27,JKHY,NASDAQ,23.0,23.06,22.09,22.63,565891.0,
2006-04-28,JKHY,NASDAQ,22.5,22.84,22.1,22.45,492813.0,
2006-05-01,JKHY,NASDAQ,22.36,22.71,22.19,22.28,298785.0,
2006-05-02,JKHY,NASDAQ,22.33,22.69,22.17,22.58,303696.0,
2006-05-03,JKHY,NASDAQ,22.66,22.93,22.58,22.76,334579.0,
2006-05-04,JKHY,NASDAQ,22.89,23.09,22.67,22.9,245806.0,
2006-05-05,JKHY,NASDAQ,23.09,23.27,22.8,23.17,461564.0,
2006-05-08,JKHY,NASDAQ,23.1,23.37,22.96,23.32,435377.0,
2006-05-09,JKHY,NASDAQ,22.15,22.3,19.81,19.92,2948986.0,
2006-05-10,JKHY,NASDAQ,19.9,20.36,19.83,20.09,1861887.0,
2006-05-11,JKHY,NASDAQ,20.09,20.12,19.4,19.44,1056023.0,
2006-05-12,JKHY,NASDAQ,19.46,19.52,18.87,19.25,1371493.0,
2006-05-15,JKHY,NASDAQ,19.19,19.75,18.42,19.24,1770517.0,
2006-05-16,JKHY,NASDAQ,19.4,19.73,19.28,19.45,1109692.0,
2006-05-17,JKHY,NASDAQ,19.37,19.72,18.95,19.15,1046389.0,
2006-05-18,JKHY,NASDAQ,19.12,19.12,18.14,18.62,1402758.0,
2006-05-19,JKHY,NASDAQ,18.59,19.3,18.49,19.16,1670037.0,
2006-05-22,JKHY,NASDAQ,19.05,19.54,18.86,19.18,1487038.0,
2006-05-23,JKHY,NASDAQ,19.29,19.29,18.88,18.9,850899.0,
2006-05-24,JKHY,NASDAQ,18.81,19.16,18.47,18.95,1294079.0,
2006-05-25,JKHY,NASDAQ,19.15,19.15,18.79,19.1,463577.0,
2006-05-26,JKHY,NASDAQ,19.23,19.23,18.93,19.16,376683.0,
2006-05-30,JKHY,NASDAQ,19.05,19.17,18.75,18.83,837007.0,
2006-05-31,JKHY,NASDAQ,18.94,19.06,18.66,18.76,763121.0,
2006-06-01,JKHY,NASDAQ,18.86,19.43,18.76,19.42,823915.0,
2006-06-02,JKHY,NASDAQ,19.47,19.56,19.21,19.29,845380.0,
2006-06-05,JKHY,NASDAQ,19.25,19.25,18.878,18.91,759028.0,
2006-06-06,JKHY,NASDAQ,18.9,19.33,18.86,19.02,702941.0,
2006-06-07,JKHY,NASDAQ,18.99,19.45,18.86,19.15,801045.0,
2006-06-08,JKHY,NASDAQ,19.15,19.42,19.03,19.24,1025663.0,
2006-06-09,JKHY,NASDAQ,19.3,19.65,19.13,19.43,752284.0,
2006-06-12,JKHY,NASDAQ,19.37,19.53,18.84,18.89,835092.0,
2006-06-13,JKHY,NASDAQ,18.77,19.19,18.62,18.67,1053991.0,
2006-06-14,JKHY,NASDAQ,18.63,18.87,18.51,18.76,657366.0,
2006-06-15,JKHY,NASDAQ,18.78,19.46,18.78,19.36,606451.0,
2006-06-16,JKHY,NASDAQ,19.36,19.49,18.91,19.07,2070472.0,
2006-06-19,JKHY,NASDAQ,19.0,19.18,18.68,18.8,779115.0,
2006-06-20,JKHY,NASDAQ,18.7,18.9,18.55,18.81,772420.0,
2006-06-21,JKHY,NASDAQ,18.86,19.31,18.85,19.11,561405.0,
2006-06-22,JKHY,NASDAQ,19.05,19.06,18.79,18.82,405484.0,
2006-06-23,JKHY,NASDAQ,18.75,19.05,18.6,18.79,755843.0,
2006-06-26,JKHY,NASDAQ,18.87,19.18,18.76,19.07,332361.0,
2006-06-27,JKHY,NASDAQ,19.01,19.35,18.93,19.05,763432.0,
2006-06-28,JKHY,NASDAQ,19.15,19.15,18.86,19.06,510602.0,
2006-06-29,JKHY,NASDAQ,19.18,19.86,19.14,19.86,426146.0,
2006-06-30,JKHY,NASDAQ,19.77,19.89,19.52,19.66,840705.0,
2006-07-03,JKHY,NASDAQ,19.55,19.89,19.42,19.89,227317.0,
2006-07-05,JKHY,NASDAQ,19.7,19.84,19.11,19.38,417430.0,
2006-07-06,JKHY,NASDAQ,19.44,19.62,18.99,19.16,522711.0,
2006-07-07,JKHY,NASDAQ,19.07,19.2,18.7099,18.74,416017.0,
2006-07-10,JKHY,NASDAQ,18.8,19.05,18.65,18.68,330211.0,
2006-07-11,JKHY,NASDAQ,18.56,18.66,18.38,18.64,471077.0,
2006-07-12,JKHY,NASDAQ,18.52,18.7,18.22,18.26,371779.0,
2006-07-13,JKHY,NASDAQ,18.19,18.44,17.9,17.95,412414.0,
2006-07-14,JKHY,NASDAQ,17.85,18.17,17.7399,17.9,664063.0,
2006-07-17,JKHY,NASDAQ,17.9,18.17,17.66,17.81,795245.0,
2006-07-18,JKHY,NASDAQ,17.99,18.25,17.71,18.1,623668.0,
2006-07-19,JKHY,NASDAQ,18.08,18.87,18.0,18.73,640524.0,
2006-07-20,JKHY,NASDAQ,18.84,18.85,18.1899,18.22,363232.0,
2006-07-21,JKHY,NASDAQ,18.13,18.29,17.78,18.02,436477.0,
2006-07-24,JKHY,NASDAQ,18.14,18.58,18.06,18.52,427703.0,
2006-07-25,JKHY,NASDAQ,18.47,18.74,18.19,18.45,529646.0,
2006-07-26,JKHY,NASDAQ,18.34,18.59,18.12,18.32,447773.0,
2006-07-27,JKHY,NASDAQ,18.46,18.84,18.21,18.35,370317.0,
2006-07-28,JKHY,NASDAQ,18.42,18.81,18.35,18.74,364204.0,
2006-07-31,JKHY,NASDAQ,18.64,18.9,18.37,18.88,434089.0,
2006-08-01,JKHY,NASDAQ,18.55,18.82,18.08,18.11,377058.0,
2006-08-02,JKHY,NASDAQ,18.1,18.4,18.1,18.23,451493.0,
2006-08-03,JKHY,NASDAQ,18.1,18.36,17.85,18.22,478944.0,
2006-08-04,JKHY,NASDAQ,18.45,18.57,18.03,18.23,305387.0,
2006-08-07,JKHY,NASDAQ,18.26,18.26,17.85,17.91,283504.0,
2006-08-08,JKHY,NASDAQ,17.9,18.01,17.6,17.68,358844.0,
2006-08-09,JKHY,NASDAQ,17.7,18.13,17.6,17.63,415707.0,
2006-08-10,JKHY,NASDAQ,17.56,18.02,17.4,17.75,511579.0,
2006-08-11,JKHY,NASDAQ,17.67,17.77,17.4,17.7,236601.0,
2006-08-14,JKHY,NASDAQ,17.86,18.24,17.72,17.93,314528.0,
2006-08-15,JKHY,NASDAQ,18.28,18.42,18.09,18.38,270077.0,
2006-08-16,JKHY,NASDAQ,18.4,18.69,18.33,18.67,301936.0,
2006-08-17,JKHY,NASDAQ,18.71,18.95,18.49,18.77,224369.0,
2006-08-18,JKHY,NASDAQ,18.85,18.95,18.37,18.92,312401.0,
2006-08-21,JKHY,NASDAQ,18.79,18.8,18.43,18.5,311073.0,
2006-08-22,JKHY,NASDAQ,18.41,18.65,18.39,18.47,399283.0,
2006-08-23,JKHY,NASDAQ,19.2,19.89,18.8,19.23,1538693.0,
2006-08-24,JKHY,NASDAQ,18.51,18.98,18.22,18.68,1103056.0,
2006-08-25,JKHY,NASDAQ,18.58,18.83,18.25,18.77,803326.0,
2006-08-28,JKHY,NASDAQ,18.82,19.245,18.82,19.1,414485.0,
2006-08-29,JKHY,NASDAQ,19.13,19.37,18.96,19.34,540660.0,
2006-08-30,JKHY,NASDAQ,19.21,19.5,19.17,19.47,446780.0,
2006-08-31,JKHY,NASDAQ,19.58,19.58,19.13,19.16,888090.0,
2006-09-01,JKHY,NASDAQ,19.22,19.28,19.0,19.08,321563.0,
2006-09-05,JKHY,NASDAQ,19.02,19.19,18.87,19.13,411163.0,
2006-09-06,JKHY,NASDAQ,18.95,19.33,18.84,19.25,602260.0,
2006-09-07,JKHY,NASDAQ,19.38,19.77,19.25,19.52,1183732.0,
2006-09-08,JKHY,NASDAQ,19.55,19.87,19.48,19.77,503629.0,
2006-09-11,JKHY,NASDAQ,19.64,20.15,19.41,19.95,490634.0,
2006-09-12,JKHY,NASDAQ,20.0,20.48,19.85,20.31,419233.0,
2006-09-13,JKHY,NASDAQ,20.37,20.4,20.18,20.38,332026.0,
2006-09-14,JKHY,NASDAQ,20.44,20.53,20.22,20.48,424387.0,
2006-09-15,JKHY,NASDAQ,20.59,21.12,20.53,20.9,1156281.0,
2006-09-18,JKHY,NASDAQ,20.85,20.85,20.28,20.6,744364.0,
2006-09-19,JKHY,NASDAQ,20.69,20.9,20.55,20.79,1017175.0,
2006-09-20,JKHY,NASDAQ,20.91,21.48,20.75,21.2,564701.0,
2006-09-21,JKHY,NASDAQ,21.2,21.49,20.9,21.07,762288.0,
2006-09-22,JKHY,NASDAQ,21.0,21.04,20.59,20.9,416944.0,
2006-09-25,JKHY,NASDAQ,20.92,21.5,20.63,21.5,497749.0,
2006-09-26,JKHY,NASDAQ,21.44,21.72,21.25,21.69,566156.0,
2006-09-27,JKHY,NASDAQ,21.59,21.95,21.551,21.9,672215.0,
2006-09-28,JKHY,NASDAQ,22.0,22.03,21.66,22.03,454456.0,
2006-09-29,JKHY,NASDAQ,22.06,22.2,21.7399,21.79,469899.0,
2006-10-02,JKHY,NASDAQ,21.69,22.0,21.55,21.71,452548.0,
2006-10-03,JKHY,NASDAQ,21.61,21.852,21.44,21.75,627306.0,
2006-10-04,JKHY,NASDAQ,21.76,22.1,21.62,22.07,579155.0,
2006-10-05,JKHY,NASDAQ,21.94,22.5,21.93,22.4,428458.0,
2006-10-06,JKHY,NASDAQ,22.25,22.28,21.68,22.14,763128.0,
2006-10-09,JKHY,NASDAQ,22.04,22.35,21.76,22.25,428625.0,
2006-10-10,JKHY,NASDAQ,22.36,22.4,22.0002,22.18,339105.0,
2006-10-11,JKHY,NASDAQ,21.9,22.23,21.68,21.92,757883.0,
2006-10-12,JKHY,NASDAQ,22.09,22.25,21.95,22.17,640466.0,
2006-10-13,JKHY,NASDAQ,22.3,22.47,22.11,22.33,404587.0,
2006-10-16,JKHY,NASDAQ,22.44,23.2,22.4,22.61,1130258.0,
2006-10-17,JKHY,NASDAQ,22.39,22.77,22.36,22.75,417214.0,
2006-10-18,JKHY,NASDAQ,22.73,23.0,22.1,22.23,763645.0,
2006-10-19,JKHY,NASDAQ,22.12,22.41,22.09,22.15,443226.0,
2006-10-20,JKHY,NASDAQ,22.21,22.28,21.96,22.03,390723.0,
2006-10-23,JKHY,NASDAQ,21.95,22.46,21.81,22.45,476510.0,
2006-10-24,JKHY,NASDAQ,22.35,22.5,21.95,22.09,274040.0,
2006-10-25,JKHY,NASDAQ,22.03,22.34,21.91,22.21,453692.0,
2006-10-26,JKHY,NASDAQ,22.28,22.71,22.11,22.68,406697.0,
2006-10-27,JKHY,NASDAQ,22.6,22.62,22.12,22.26,551222.0,
2006-10-30,JKHY,NASDAQ,22.16,22.83,22.16,22.7,629064.0,
2006-10-31,JKHY,NASDAQ,22.34,22.57,21.5,21.79,1247597.0,
2006-11-01,JKHY,NASDAQ,21.91,21.93,21.14,21.17,624850.0,
2006-11-02,JKHY,NASDAQ,21.03,21.62,21.02,21.5,503495.0,
2006-11-03,JKHY,NASDAQ,21.47,21.8,21.47,21.79,400052.0,
2006-11-06,JKHY,NASDAQ,21.89,22.1,21.66,21.89,418260.0,
2006-11-07,JKHY,NASDAQ,21.93,22.33,21.86,22.0,260929.0,
2006-11-08,JKHY,NASDAQ,21.79,22.37,21.75,22.32,444438.0,
2006-11-09,JKHY,NASDAQ,22.41,22.41,21.94,21.99,363768.0,
2006-11-10,JKHY,NASDAQ,21.97,22.23,21.89,22.22,245810.0,
2006-11-13,JKHY,NASDAQ,22.17,22.37,22.03,22.36,264272.0,
2006-11-14,JKHY,NASDAQ,22.45,22.64,22.17,22.63,502055.0,
2006-11-15,JKHY,NASDAQ,22.62,22.68,22.45,22.68,388769.0,
2006-11-16,JKHY,NASDAQ,22.78,22.8,22.36,22.69,506572.0,
2006-11-17,JKHY,NASDAQ,22.69,22.69,22.46,22.67,466070.0,
2006-11-20,JKHY,NASDAQ,22.62,22.68,22.38,22.63,400584.0,
2006-11-21,JKHY,NASDAQ,22.58,22.6,22.35,22.58,286508.0,
2006-11-22,JKHY,NASDAQ,22.6,22.65,22.36,22.63,167424.0,
2006-11-24,JKHY,NASDAQ,22.46,22.62,22.32,22.57,97950.0,
2006-11-27,JKHY,NASDAQ,22.57,22.57,21.84,22.01,650161.0,
2006-11-28,JKHY,NASDAQ,21.92,22.12,21.68,21.9,670141.0,
2006-11-29,JKHY,NASDAQ,22.06,22.14,21.91,22.06,531086.0,
2006-11-30,JKHY,NASDAQ,22.1,22.1,21.82,21.88,494374.0,
2006-12-01,JKHY,NASDAQ,21.86,21.96,21.2,21.61,559324.0,
2006-12-04,JKHY,NASDAQ,21.67,22.19,21.64,22.02,464206.0,
2006-12-05,JKHY,NASDAQ,22.15,22.35,21.87,22.0,403658.0,
2006-12-06,JKHY,NASDAQ,21.94,22.02,21.68,21.77,208001.0,
2006-12-07,JKHY,NASDAQ,21.85,21.85,21.37,21.53,333820.0,
2006-12-08,JKHY,NASDAQ,21.42,21.72,21.31,21.5,202614.0,
2006-12-11,JKHY,NASDAQ,21.42,21.66,21.42,21.51,333014.0,
2006-12-12,JKHY,NASDAQ,21.48,21.56,21.25,21.43,309941.0,
2006-12-13,JKHY,NASDAQ,21.56,21.78,21.52,21.69,336527.0,
2006-12-14,JKHY,NASDAQ,21.77,22.12,21.75,21.84,315521.0,
2006-12-15,JKHY,NASDAQ,21.77,21.96,21.56,21.67,603154.0,
2006-12-18,JKHY,NASDAQ,21.67,21.7,21.21,21.34,296167.0,
2006-12-19,JKHY,NASDAQ,21.21,21.53,21.15,21.47,293200.0,
2006-12-20,JKHY,NASDAQ,21.53,21.6299,21.37,21.49,214065.0,
2006-12-21,JKHY,NASDAQ,21.49,21.95,21.44,21.61,361112.0,
2006-12-22,JKHY,NASDAQ,21.59,21.65,21.27,21.36,144566.0,
2006-12-26,JKHY,NASDAQ,21.29,21.74,21.29,21.63,222501.0,
2006-12-27,JKHY,NASDAQ,21.73,22.0,21.73,21.96,174005.0,
2006-12-28,JKHY,NASDAQ,21.88,21.99,21.72,21.72,264470.0,
2006-12-29,JKHY,NASDAQ,21.75,21.78,21.37,21.4,270193.0,
2007-01-03,JKHY,NASDAQ,21.53,21.89,21.16,21.37,566978.0,
2007-01-04,JKHY,NASDAQ,21.37,21.76,21.08,21.64,388708.0,
2007-01-05,JKHY,NASDAQ,21.5,21.56,21.1,21.38,517221.0,
2007-01-08,JKHY,NASDAQ,21.39,21.66,21.19,21.55,366422.0,
2007-01-09,JKHY,NASDAQ,21.5,21.62,21.26,21.47,420305.0,
2007-01-10,JKHY,NASDAQ,21.31,21.61,21.25,21.61,306623.0,
2007-01-11,JKHY,NASDAQ,21.55,21.85,21.49,21.67,360333.0,
2007-01-12,JKHY,NASDAQ,21.58,21.75,21.53,21.62,475562.0,
2007-01-16,JKHY,NASDAQ,21.6,21.78,21.42,21.46,448810.0,
2007-01-17,JKHY,NASDAQ,21.41,21.65,21.38,21.41,260089.0,
2007-01-18,JKHY,NASDAQ,21.39,21.42,21.1,21.15,371465.0,
2007-01-19,JKHY,NASDAQ,21.08,21.2,20.7856,21.15,530872.0,
2007-01-22,JKHY,NASDAQ,21.09,21.17,20.79,20.97,273631.0,
2007-01-23,JKHY,NASDAQ,20.97,21.22,20.92,21.17,249580.0,
2007-01-24,JKHY,NASDAQ,21.24,21.47,21.18,21.46,249418.0,
2007-01-25,JKHY,NASDAQ,21.48,21.49,20.57,20.95,640187.0,
2007-01-26,JKHY,NASDAQ,20.88,21.17,20.65,21.1,446909.0,
2007-01-29,JKHY,NASDAQ,21.24,21.44,21.11,21.3,407202.0,
2007-01-30,JKHY,NASDAQ,21.3,21.43,21.25,21.35,307668.0,
2007-01-31,JKHY,NASDAQ,21.27,21.48,21.09,21.34,530417.0,
2007-02-01,JKHY,NASDAQ,21.44,21.5,21.22,21.41,426628.0,
2007-02-02,JKHY,NASDAQ,21.5,21.59,21.42,21.55,243660.0,
2007-02-05,JKHY,NASDAQ,21.45,21.71,21.31,21.63,458612.0,
2007-02-06,JKHY,NASDAQ,21.63,22.12,21.58,22.06,676413.0,
2007-02-07,JKHY,NASDAQ,22.24,22.59,22.07,22.54,724180.0,
2007-02-08,JKHY,NASDAQ,22.61,23.0,22.34,22.72,930216.0,
2007-02-09,JKHY,NASDAQ,22.8,22.96,22.68,22.88,739649.0,
2007-02-12,JKHY,NASDAQ,22.95,23.52,22.87,23.32,921806.0,
2007-02-13,JKHY,NASDAQ,23.44,23.62,23.23,23.41,590817.0,
2007-02-14,JKHY,NASDAQ,23.52,24.06,23.44,23.9,941107.0,
2007-02-15,JKHY,NASDAQ,23.86,24.0,23.64,23.84,724246.0,
2007-02-16,JKHY,NASDAQ,23.84,24.08,23.54,23.95,857081.0,
2007-02-20,JKHY,NASDAQ,23.88,24.24,23.82,24.18,625178.0,
2007-02-21,JKHY,NASDAQ,24.18,24.3,23.95,24.18,550503.0,
2007-02-22,JKHY,NASDAQ,24.23,24.32,24.07,24.31,683294.0,
2007-02-23,JKHY,NASDAQ,24.27,24.56,24.18,24.49,720219.0,
2007-02-26,JKHY,NASDAQ,24.6,24.67,24.19,24.27,617082.0,
2007-02-27,JKHY,NASDAQ,23.89,24.05,23.46,23.46,696423.0,
2007-02-28,JKHY,NASDAQ,23.53,23.744,23.16,23.46,887561.0,
2007-03-01,JKHY,NASDAQ,23.26,23.59,23.02,23.43,724286.0,
2007-03-02,JKHY,NASDAQ,23.39,23.54,22.95,22.97,847456.0,
2007-03-05,JKHY,NASDAQ,22.8,23.22,22.55,22.76,702569.0,
2007-03-06,JKHY,NASDAQ,22.93,23.15,22.78,23.05,405002.0,
2007-03-07,JKHY,NASDAQ,23.0,23.1,22.77,22.94,683691.0,
2007-03-08,JKHY,NASDAQ,23.09,23.26,22.86,22.92,470889.0,
2007-03-09,JKHY,NASDAQ,23.02,23.15,22.85,23.14,626711.0,
2007-03-12,JKHY,NASDAQ,23.16,23.4,23.07,23.37,399767.0,
2007-03-13,JKHY,NASDAQ,23.22,23.25,22.68,22.68,563993.0,
2007-03-14,JKHY,NASDAQ,22.74,23.12,22.54,23.0,544473.0,
2007-03-15,JKHY,NASDAQ,23.02,23.25,22.94,23.13,339254.0,
2007-03-16,JKHY,NASDAQ,23.12,23.16,22.85,23.01,889389.0,
2007-03-19,JKHY,NASDAQ,23.16,23.378,23.08,23.33,458075.0,
2007-03-20,JKHY,NASDAQ,23.25,23.38,23.1899,23.32,364746.0,
2007-03-21,JKHY,NASDAQ,23.34,23.52,23.07,23.51,1003237.0,
2007-03-22,JKHY,NASDAQ,23.54,23.61,23.42,23.51,467670.0,
2007-03-23,JKHY,NASDAQ,23.6,23.71,23.5,23.63,429142.0,
2007-03-26,JKHY,NASDAQ,23.77,23.87,23.6,23.86,472568.0,
2007-03-27,JKHY,NASDAQ,23.91,23.91,23.65,23.81,370037.0,
2007-03-28,JKHY,NASDAQ,23.67,23.94,23.6,23.82,919570.0,
2007-03-29,JKHY,NASDAQ,24.0,24.0,23.6,23.79,407676.0,
2007-03-30,JKHY,NASDAQ,23.85,24.2,23.78,24.05,844808.0,
2007-04-02,JKHY,NASDAQ,24.16,24.23,23.88,24.0,404223.0,
2007-04-03,JKHY,NASDAQ,24.0,24.24,23.93,24.19,526645.0,
2007-04-04,JKHY,NASDAQ,24.18,24.3,23.96,24.17,359776.0,
2007-04-05,JKHY,NASDAQ,24.11,24.3,24.07,24.2,258490.0,
2007-04-09,JKHY,NASDAQ,24.31,24.31,23.9,24.17,320151.0,
2007-04-10,JKHY,NASDAQ,24.22,24.37,24.19,24.28,294351.0,
2007-04-11,JKHY,NASDAQ,24.36,24.37,23.8499,24.12,444198.0,
2007-04-12,JKHY,NASDAQ,24.03,24.42,23.86,24.42,363460.0,
2007-04-13,JKHY,NASDAQ,24.37,24.45,24.1,24.4,818873.0,
2007-04-16,JKHY,NASDAQ,24.5,24.93,24.39,24.91,556938.0,
2007-04-17,JKHY,NASDAQ,24.87,24.92,24.42,24.77,411078.0,
2007-04-18,JKHY,NASDAQ,24.68,24.77,24.36,24.47,481307.0,
2007-04-19,JKHY,NASDAQ,24.35,24.48,23.86,23.97,610086.0,
2007-04-20,JKHY,NASDAQ,24.17,24.3,24.0,24.23,473255.0,
2007-04-23,JKHY,NASDAQ,24.19,24.405,24.05,24.12,358453.0,
2007-04-24,JKHY,NASDAQ,24.07,24.22,23.834,24.16,465894.0,
2007-04-25,JKHY,NASDAQ,24.27,24.27,23.9,24.01,566548.0,
2007-04-26,JKHY,NASDAQ,24.0,24.25,23.92,24.2,570966.0,
2007-04-27,JKHY,NASDAQ,24.03,24.22,23.94,24.15,288997.0,
2007-04-30,JKHY,NASDAQ,24.12,24.23,23.69,23.75,454062.0,
2007-05-01,JKHY,NASDAQ,23.72,23.91,23.54,23.7,346069.0,
2007-05-02,JKHY,NASDAQ,23.63,24.18,23.63,24.09,364109.0,
2007-05-03,JKHY,NASDAQ,24.08,24.21,23.92,24.17,489873.0,
2007-05-04,JKHY,NASDAQ,24.17,24.2,23.96,24.17,232711.0,
2007-05-07,JKHY,NASDAQ,24.13,24.14,23.97,24.02,222505.0,
2007-05-08,JKHY,NASDAQ,23.95,24.12,23.62,24.09,376423.0,
2007-05-09,JKHY,NASDAQ,24.2,24.81,24.05,24.46,620704.0,
2007-05-10,JKHY,NASDAQ,24.27,24.39,24.0,24.02,591393.0,
2007-05-11,JKHY,NASDAQ,24.27,24.55,23.88,24.51,465189.0,
2007-05-14,JKHY,NASDAQ,24.44,24.68,24.22,24.33,468623.0,
2007-05-15,JKHY,NASDAQ,24.25,24.71,24.16,24.3,594921.0,
2007-05-16,JKHY,NASDAQ,24.42,24.69,24.18,24.67,470816.0,
2007-05-17,JKHY,NASDAQ,24.65,24.92,24.33,24.8,690301.0,
2007-05-18,JKHY,NASDAQ,24.96,25.9,24.86,25.64,1203956.0,
2007-05-21,JKHY,NASDAQ,25.53,26.0,25.51,25.92,472128.0,
2007-05-22,JKHY,NASDAQ,25.95,26.12,25.68,26.02,601471.0,
2007-05-23,JKHY,NASDAQ,25.95,26.24,25.86,25.93,576756.0,
2007-05-24,JKHY,NASDAQ,25.84,26.14,25.65,25.73,615857.0,
2007-05-25,JKHY,NASDAQ,25.77,26.29,25.67,25.93,571848.0,
2007-05-29,JKHY,NASDAQ,26.06,26.5,25.9,26.11,741581.0,
2007-05-30,JKHY,NASDAQ,25.91,26.22,25.77,26.22,688174.0,
2007-05-31,JKHY,NASDAQ,26.25,26.51,26.15,26.45,798990.0,
2007-06-01,JKHY,NASDAQ,26.5,26.75,26.21,26.47,971422.0,
2007-06-04,JKHY,NASDAQ,26.45,26.55,26.11,26.52,506741.0,
2007-06-05,JKHY,NASDAQ,26.39,26.42,26.08,26.23,463355.0,
2007-06-06,JKHY,NASDAQ,26.08,26.15,25.8179,26.07,451066.0,
2007-06-07,JKHY,NASDAQ,25.93,26.06,25.59,25.65,598528.0,
2007-06-08,JKHY,NASDAQ,25.57,25.83,25.53,25.75,355328.0,
2007-06-11,JKHY,NASDAQ,25.64,25.87,25.38,25.44,608738.0,
2007-06-12,JKHY,NASDAQ,25.37,25.66,25.18,25.24,545090.0,
2007-06-13,JKHY,NASDAQ,25.32,25.66,25.25,25.61,401437.0,
2007-06-14,JKHY,NASDAQ,25.66,25.97,25.5,25.74,408259.0,
2007-06-15,JKHY,NASDAQ,26.03,26.18,25.89,26.13,926953.0,
2007-06-18,JKHY,NASDAQ,26.08,26.15,25.83,25.9,403745.0,
2007-06-19,JKHY,NASDAQ,25.72,25.96,25.52,25.88,379544.0,
2007-06-20,JKHY,NASDAQ,25.88,25.99,25.39,25.4,371239.0,
2007-06-21,JKHY,NASDAQ,25.27,25.64,24.95,25.6,429528.0,
2007-06-22,JKHY,NASDAQ,25.5,25.57,25.0,25.21,979731.0,
2007-06-25,JKHY,NASDAQ,25.13,25.45,24.82,25.01,493048.0,
2007-06-26,JKHY,NASDAQ,25.06,25.33,24.87,25.22,718211.0,
2007-06-27,JKHY,NASDAQ,25.08,25.56,25.0,25.56,465248.0,
2007-06-28,JKHY,NASDAQ,25.67,25.8792,25.49,25.84,719250.0,
2007-06-29,JKHY,NASDAQ,25.89,26.1,25.69,25.75,856953.0,
2007-07-02,JKHY,NASDAQ,25.93,26.48,25.8,26.46,838994.0,
2007-07-03,JKHY,NASDAQ,26.47,26.76,26.29,26.34,528261.0,
2007-07-05,JKHY,NASDAQ,26.42,26.53,26.26,26.44,491032.0,
2007-07-06,JKHY,NASDAQ,26.4,26.59,26.36,26.48,297756.0,
2007-07-09,JKHY,NASDAQ,26.48,26.61,26.39,26.49,478909.0,
2007-07-10,JKHY,NASDAQ,26.26,26.4,26.04,26.19,468322.0,
2007-07-11,JKHY,NASDAQ,26.22,26.44,26.15,26.4,329416.0,
2007-07-12,JKHY,NASDAQ,26.5,26.8,26.45,26.79,399266.0,
2007-07-13,JKHY,NASDAQ,26.7,27.0,26.57,26.97,561493.0,
2007-07-16,JKHY,NASDAQ,26.79,26.87,26.52,26.62,533218.0,
2007-07-17,JKHY,NASDAQ,26.61,26.89,26.58,26.65,267597.0,
2007-07-18,JKHY,NASDAQ,26.58,26.58,26.07,26.52,426501.0,
2007-07-19,JKHY,NASDAQ,26.64,26.96,26.63,26.87,369539.0,
2007-07-20,JKHY,NASDAQ,26.81,26.81,26.23,26.3,588222.0,
2007-07-23,JKHY,NASDAQ,26.36,26.61,26.28,26.32,277218.0,
2007-07-24,JKHY,NASDAQ,26.03,26.31,25.38,25.47,612604.0,
2007-07-25,JKHY,NASDAQ,25.6,25.8,24.99,25.41,930931.0,
2007-07-26,JKHY,NASDAQ,25.03,25.44,24.42,24.73,877063.0,
2007-07-27,JKHY,NASDAQ,24.63,24.9,23.97,24.02,805296.0,
2007-07-30,JKHY,NASDAQ,23.97,24.41,23.72,24.29,594195.0,
2007-07-31,JKHY,NASDAQ,24.49,24.75,24.02,24.02,731584.0,
2007-08-01,JKHY,NASDAQ,24.07,24.33,23.77,24.29,676356.0,
2007-08-02,JKHY,NASDAQ,24.33,24.62,24.21,24.47,407764.0,
2007-08-03,JKHY,NASDAQ,24.4,24.71,23.6,23.63,829448.0,
2007-08-06,JKHY,NASDAQ,23.77,24.09,23.39,24.06,837373.0,
2007-08-07,JKHY,NASDAQ,23.89,24.4,23.6,24.26,856903.0,
2007-08-08,JKHY,NASDAQ,24.6,25.36,24.09,25.0,996489.0,
2007-08-09,JKHY,NASDAQ,24.53,26.7,24.02,25.41,1929059.0,
2007-08-10,JKHY,NASDAQ,25.12,26.28,24.9,25.63,1320952.0,
2007-08-13,JKHY,NASDAQ,26.32,26.32,25.66,25.83,702808.0,
2007-08-14,JKHY,NASDAQ,26.09,26.09,25.5,25.63,421784.0,
2007-08-15,JKHY,NASDAQ,25.55,25.86,24.69,24.72,551371.0,
2007-08-16,JKHY,NASDAQ,24.68,25.8,24.4,25.16,881260.0,
2007-08-17,JKHY,NASDAQ,26.17,26.69,25.58,26.15,992297.0,
2007-08-20,JKHY,NASDAQ,26.28,26.5,25.69,25.96,449884.0,
2007-08-21,JKHY,NASDAQ,25.75,26.19,25.5,25.77,725492.0,
2007-08-22,JKHY,NASDAQ,26.01,26.79,25.25,26.64,888370.0,
2007-08-23,JKHY,NASDAQ,26.75,26.82,26.21,26.43,482967.0,
2007-08-24,JKHY,NASDAQ,26.3,26.72,26.23,26.65,435517.0,
2007-08-27,JKHY,NASDAQ,26.56,26.61,25.89,25.94,518564.0,
2007-08-28,JKHY,NASDAQ,25.85,26.09,25.37,25.4,757077.0,
2007-08-29,JKHY,NASDAQ,25.41,25.81,25.4,25.78,506242.0,
2007-08-30,JKHY,NASDAQ,25.55,25.98,25.48,25.82,464632.0,
2007-08-31,JKHY,NASDAQ,26.01,26.36,25.75,26.24,379291.0,
2007-09-04,JKHY,NASDAQ,26.11,26.6,25.8,26.45,346948.0,
2007-09-05,JKHY,NASDAQ,26.32,26.46,25.94,25.98,495852.0,
2007-09-06,JKHY,NASDAQ,26.15,26.48,25.91,26.44,459233.0,
2007-09-07,JKHY,NASDAQ,26.06,26.17,25.79,25.87,451890.0,
2007-09-10,JKHY,NASDAQ,25.91,26.11,25.57,25.7,886156.0,
2007-09-11,JKHY,NASDAQ,25.81,26.1,25.76,26.08,1301762.0,
2007-09-12,JKHY,NASDAQ,26.1,27.0,25.97,26.92,1050694.0,
2007-09-13,JKHY,NASDAQ,27.0,27.42,26.71,27.14,1103173.0,
2007-09-14,JKHY,NASDAQ,26.97,26.97,26.44,26.57,746191.0,
2007-09-17,JKHY,NASDAQ,26.58,26.89,26.33,26.55,866181.0,
2007-09-18,JKHY,NASDAQ,26.68,27.36,26.48,27.35,675876.0,
2007-09-19,JKHY,NASDAQ,27.44,27.5,26.53,26.85,965619.0,
2007-09-20,JKHY,NASDAQ,26.77,26.92,26.4,26.44,691202.0,
2007-09-21,JKHY,NASDAQ,26.6,26.63,26.28,26.34,1341342.0,
2007-09-24,JKHY,NASDAQ,26.3,26.56,25.7,25.77,781516.0,
2007-09-25,JKHY,NASDAQ,25.58,25.99,25.55,25.93,814313.0,
2007-09-26,JKHY,NASDAQ,26.0,26.21,25.66,25.79,1433618.0,
2007-09-27,JKHY,NASDAQ,25.93,26.3,25.85,26.28,456496.0,
2007-09-28,JKHY,NASDAQ,26.21,26.34,25.72,25.86,336460.0,
2007-10-01,JKHY,NASDAQ,25.96,26.49,25.77,26.37,607422.0,
2007-10-02,JKHY,NASDAQ,26.0,26.43,25.94,26.32,550706.0,
2007-10-03,JKHY,NASDAQ,26.13,26.61,25.9,26.5,503723.0,
2007-10-04,JKHY,NASDAQ,26.14,26.79,26.14,26.66,602795.0,
2007-10-05,JKHY,NASDAQ,26.9,27.24,26.72,27.21,496959.0,
2007-10-08,JKHY,NASDAQ,27.1,27.34,26.92,27.11,228481.0,
2007-10-09,JKHY,NASDAQ,27.14,27.91,27.1,27.81,657072.0,
2007-10-10,JKHY,NASDAQ,27.8,28.3,27.74,28.24,779251.0,
2007-10-11,JKHY,NASDAQ,28.43,28.68,28.05,28.36,843427.0,
2007-10-12,JKHY,NASDAQ,28.32,28.62,28.2,28.39,438140.0,
2007-10-15,JKHY,NASDAQ,28.33,28.38,27.75,28.14,505473.0,
2007-10-16,JKHY,NASDAQ,28.13,28.3,27.76,27.8,339770.0,
2007-10-17,JKHY,NASDAQ,28.01,28.01,27.19,27.66,534970.0,
2007-10-18,JKHY,NASDAQ,27.55,27.59,27.16,27.3,459349.0,
2007-10-19,JKHY,NASDAQ,27.31,27.39,26.42,26.46,535242.0,
2007-10-22,JKHY,NASDAQ,26.35,27.39,26.1,27.33,488715.0,
2007-10-23,JKHY,NASDAQ,27.54,27.67,26.9,27.67,1012157.0,
2007-10-24,JKHY,NASDAQ,27.46,27.63,26.81,27.48,701283.0,
2007-10-25,JKHY,NASDAQ,27.47,28.17,27.42,28.01,658368.0,
2007-10-26,JKHY,NASDAQ,28.2,28.45,28.0,28.33,850024.0,
2007-10-29,JKHY,NASDAQ,28.35,28.88,28.2,28.53,737330.0,
2007-10-30,JKHY,NASDAQ,28.19,28.43,27.42,28.03,988842.0,
2007-10-31,JKHY,NASDAQ,28.37,29.24,28.27,29.22,1166969.0,
2007-11-01,JKHY,NASDAQ,28.75,29.02,28.2,28.32,999034.0,
2007-11-02,JKHY,NASDAQ,28.65,28.84,28.05,28.52,436057.0,
2007-11-05,JKHY,NASDAQ,28.33,28.81,28.02,28.52,466509.0,
2007-11-06,JKHY,NASDAQ,28.55,28.81,28.18,28.7,400355.0,
2007-11-07,JKHY,NASDAQ,28.35,28.57,27.63,27.63,643906.0,
2007-11-08,JKHY,NASDAQ,27.83,28.0,27.01,27.33,1687572.0,
2007-11-09,JKHY,NASDAQ,26.95,27.31,26.65,27.02,840120.0,
2007-11-12,JKHY,NASDAQ,26.96,27.37,26.67,26.76,625722.0,
2007-11-13,JKHY,NASDAQ,26.89,27.13,26.83,26.9,568902.0,
2007-11-14,JKHY,NASDAQ,26.99,27.28,26.46,26.58,375270.0,
2007-11-15,JKHY,NASDAQ,26.45,26.61,26.03,26.23,1059903.0,
2007-11-16,JKHY,NASDAQ,26.26,26.72,25.95,26.5,694591.0,
2007-11-19,JKHY,NASDAQ,26.23,26.27,25.84,25.95,706685.0,
2007-11-20,JKHY,NASDAQ,26.14,26.14,25.33,25.81,981893.0,
2007-11-21,JKHY,NASDAQ,25.69,26.24,25.69,25.77,531217.0,
2007-11-23,JKHY,NASDAQ,25.98,26.39,25.88,26.16,161148.0,
2007-11-26,JKHY,NASDAQ,26.21,26.27,25.4,25.4,484124.0,
2007-11-27,JKHY,NASDAQ,25.46,26.41,25.36,26.34,951872.0,
2007-11-28,JKHY,NASDAQ,26.3,27.14,26.18,27.12,645072.0,
2007-11-29,JKHY,NASDAQ,26.96,27.15,26.64,26.96,447216.0,
2007-11-30,JKHY,NASDAQ,27.19,27.19,26.5,26.76,562737.0,
2007-12-03,JKHY,NASDAQ,26.76,26.79,26.32,26.4,536171.0,
2007-12-04,JKHY,NASDAQ,26.18,26.4,25.94,26.1,595135.0,
2007-12-05,JKHY,NASDAQ,26.51,26.9,26.4,26.66,666213.0,
2007-12-06,JKHY,NASDAQ,26.67,27.27,26.62,27.25,439151.0,
2007-12-07,JKHY,NASDAQ,27.21,27.24,26.63,26.72,449379.0,
2007-12-10,JKHY,NASDAQ,26.74,27.15,26.68,27.03,426511.0,
2007-12-11,JKHY,NASDAQ,27.15,27.3,26.08,26.09,670865.0,
2007-12-12,JKHY,NASDAQ,26.57,27.19,26.07,26.28,492977.0,
2007-12-13,JKHY,NASDAQ,26.04,26.35,25.86,26.07,537433.0,
2007-12-14,JKHY,NASDAQ,25.78,26.03,25.5,25.67,450792.0,
2007-12-17,JKHY,NASDAQ,25.5,25.69,25.24,25.24,419869.0,
2007-12-18,JKHY,NASDAQ,25.46,25.65,24.75,25.08,944198.0,
2007-12-19,JKHY,NASDAQ,24.98,25.39,24.83,25.0,461368.0,
2007-12-20,JKHY,NASDAQ,25.24,25.37,24.74,25.0,581440.0,
2007-12-21,JKHY,NASDAQ,25.47,25.47,24.9,24.9,2087972.0,
2007-12-24,JKHY,NASDAQ,25.03,25.42,24.95,25.41,243611.0,
2007-12-26,JKHY,NASDAQ,25.22,25.48,24.88,25.31,323435.0,
2007-12-27,JKHY,NASDAQ,25.31,25.33,24.7,24.73,381680.0,
2007-12-28,JKHY,NASDAQ,24.87,25.05,24.47,24.92,436842.0,
2007-12-31,JKHY,NASDAQ,24.84,25.2,24.3384,24.34,451570.0,
2008-01-02,JKHY,NASDAQ,24.31,24.66,23.63,23.88,952919.0,
2008-01-03,JKHY,NASDAQ,24.06,24.43,23.95,24.4,809707.0,
2008-01-04,JKHY,NASDAQ,24.05,24.06,23.55,23.64,729665.0,
2008-01-07,JKHY,NASDAQ,23.7,24.1,23.32,23.72,945737.0,
2008-01-08,JKHY,NASDAQ,23.71,23.95,22.75,22.77,1137918.0,
2008-01-09,JKHY,NASDAQ,22.7,23.46,22.32,23.28,898855.0,
2008-01-10,JKHY,NASDAQ,23.06,24.19,22.83,23.97,1138046.0,
2008-01-11,JKHY,NASDAQ,23.82,24.43,23.57,23.88,1005036.0,
2008-01-14,JKHY,NASDAQ,23.95,24.16,23.53,23.72,1188144.0,
2008-01-15,JKHY,NASDAQ,23.42,23.94,23.21,23.64,1076839.0,
2008-01-16,JKHY,NASDAQ,23.43,24.15,23.01,23.84,1612539.0,
2008-01-17,JKHY,NASDAQ,23.99,24.19,23.7,23.74,1131653.0,
2008-01-18,JKHY,NASDAQ,23.72,24.11,23.33,23.52,1207202.0,
2008-01-22,JKHY,NASDAQ,22.64,23.35,22.52,22.77,1070634.0,
2008-01-23,JKHY,NASDAQ,22.33,23.64,22.22,23.4,1235413.0,
2008-01-24,JKHY,NASDAQ,23.49,24.1,23.44,23.82,782162.0,
2008-01-25,JKHY,NASDAQ,24.03,24.44,23.41,23.51,686853.0,
2008-01-28,JKHY,NASDAQ,23.39,24.02,23.25,24.02,942848.0,
2008-01-29,JKHY,NASDAQ,24.0,24.57,23.7,24.52,656173.0,
2008-01-30,JKHY,NASDAQ,24.42,25.17,24.31,24.63,934824.0,
2008-01-31,JKHY,NASDAQ,24.35,25.02,24.1,24.58,1063562.0,
2008-02-01,JKHY,NASDAQ,24.41,24.89,24.18,24.86,1054668.0,
2008-02-04,JKHY,NASDAQ,25.15,25.28,24.77,25.12,507197.0,
2008-02-05,JKHY,NASDAQ,24.84,25.1,24.55,24.76,927446.0,
2008-02-06,JKHY,NASDAQ,24.99,25.38,24.64,24.67,891156.0,
2008-02-07,JKHY,NASDAQ,25.06,25.91,24.644,25.36,1822912.0,
2008-02-08,JKHY,NASDAQ,25.36,25.66,24.87,24.98,1065781.0,
2008-02-11,JKHY,NASDAQ,24.82,25.05,24.36,24.83,1070117.0,
2008-02-12,JKHY,NASDAQ,24.91,25.63,24.8024,25.24,841999.0,
2008-02-13,JKHY,NASDAQ,25.51,26.11,25.2701,26.01,742769.0,
2008-02-14,JKHY,NASDAQ,26.07,26.07,24.97,25.11,808061.0,
2008-02-15,JKHY,NASDAQ,24.93,25.21,24.75,24.98,524078.0,
2008-02-19,JKHY,NASDAQ,25.12,25.27,24.43,24.52,579211.0,
2008-02-20,JKHY,NASDAQ,24.45,25.07,24.34,24.8,608439.0,
2008-02-21,JKHY,NASDAQ,25.0,25.27,24.43,24.44,446571.0,
2008-02-22,JKHY,NASDAQ,24.41,24.49,23.79,24.24,637089.0,
2008-02-25,JKHY,NASDAQ,23.7701,24.32,23.7701,24.28,859375.0,
2008-02-26,JKHY,NASDAQ,24.15,24.57,23.96,24.18,1006995.0,
2008-02-27,JKHY,NASDAQ,23.93,24.5,23.93,24.44,1254815.0,
2008-02-28,JKHY,NASDAQ,24.39,24.71,23.76,23.9,478311.0,
2008-02-29,JKHY,NASDAQ,23.6,24.12,23.41,23.53,1038339.0,
2008-03-03,JKHY,NASDAQ,23.49,23.68,22.79,23.17,784361.0,
2008-03-04,JKHY,NASDAQ,22.9,23.2,22.82,23.17,1226857.0,
2008-03-05,JKHY,NASDAQ,23.33,23.41,22.96,23.31,674436.0,
2008-03-06,JKHY,NASDAQ,23.14,23.39,22.86,22.86,757418.0,
2008-03-07,JKHY,NASDAQ,22.75,23.46,22.63,23.24,1061352.0,
2008-03-10,JKHY,NASDAQ,23.31,23.63,23.12,23.17,1012902.0,
2008-03-11,JKHY,NASDAQ,23.8,24.06,23.44,24.05,1237362.0,
2008-03-12,JKHY,NASDAQ,24.05,24.14,23.5,23.58,1189241.0,
2008-03-13,JKHY,NASDAQ,23.25,24.0,23.04,23.91,835827.0,
2008-03-14,JKHY,NASDAQ,24.12,24.12,23.38,23.61,991262.0,
2008-03-17,JKHY,NASDAQ,22.98,23.36,22.92,22.99,929112.0,
2008-03-18,JKHY,NASDAQ,23.4,24.36,23.08,24.3,1055226.0,
2008-03-19,JKHY,NASDAQ,24.37,24.74,23.73,23.73,771451.0,
2008-03-20,JKHY,NASDAQ,23.95,24.36,23.5,24.3,1631505.0,
2008-03-24,JKHY,NASDAQ,24.5,25.1,24.29,24.93,560094.0,
2008-03-25,JKHY,NASDAQ,24.89,25.26,24.78,25.19,519007.0,
2008-03-26,JKHY,NASDAQ,24.99,25.0,24.61,24.92,345078.0,
2008-03-27,JKHY,NASDAQ,24.96,24.96,24.47,24.51,402722.0,
2008-03-28,JKHY,NASDAQ,24.9,24.94,24.5,24.57,564926.0,
2008-03-31,JKHY,NASDAQ,24.65,24.83,24.26,24.67,742143.0,
2008-04-01,JKHY,NASDAQ,24.97,25.8,24.76,25.8,783344.0,
2008-04-02,JKHY,NASDAQ,25.66,26.16,25.39,25.7,608426.0,
2008-04-03,JKHY,NASDAQ,25.41,25.79,25.37,25.67,545711.0,
2008-04-04,JKHY,NASDAQ,25.73,26.12,25.33,25.99,595475.0,
2008-04-07,JKHY,NASDAQ,26.09,26.09,25.39,25.47,378510.0,
2008-04-08,JKHY,NASDAQ,25.25,25.77,25.25,25.75,492856.0,
2008-04-09,JKHY,NASDAQ,25.84,26.17,25.36,25.4,492307.0,
2008-04-10,JKHY,NASDAQ,25.39,25.68,25.31,25.68,476301.0,
2008-04-11,JKHY,NASDAQ,25.55,25.64,24.76,24.85,498040.0,
2008-04-14,JKHY,NASDAQ,24.71,25.2,24.51,24.63,442621.0,
2008-04-15,JKHY,NASDAQ,24.67,24.92,24.63,24.75,344578.0,
2008-04-16,JKHY,NASDAQ,24.89,25.58,24.86,25.58,393746.0,
2008-04-17,JKHY,NASDAQ,25.45,25.56,24.93,25.3,322247.0,
2008-04-18,JKHY,NASDAQ,25.81,26.64,25.52,26.57,602442.0,
2008-04-21,JKHY,NASDAQ,26.31,26.31,25.58,25.96,392226.0,
2008-04-22,JKHY,NASDAQ,25.81,25.81,25.2,25.6,677704.0,
2008-04-23,JKHY,NASDAQ,25.68,26.36,25.15,26.29,474119.0,
2008-04-24,JKHY,NASDAQ,26.38,27.0,25.71,26.84,443115.0,
2008-04-25,JKHY,NASDAQ,26.97,26.97,25.85,26.2,586488.0,
2008-04-28,JKHY,NASDAQ,26.12,26.48,26.0,26.21,388389.0,
2008-04-29,JKHY,NASDAQ,26.27,26.83,26.2,26.78,539886.0,
2008-04-30,JKHY,NASDAQ,26.78,26.99,26.17,26.28,509949.0,
2008-05-01,JKHY,NASDAQ,26.23,27.47,26.23,27.31,587759.0,
2008-05-02,JKHY,NASDAQ,27.48,27.48,26.15,26.44,865619.0,
2008-05-05,JKHY,NASDAQ,26.25,26.55,26.03,26.13,418426.0,
2008-05-06,JKHY,NASDAQ,26.06,26.58,25.63,26.39,557304.0,
2008-05-07,JKHY,NASDAQ,23.5,23.99,22.25,22.33,6316068.0,
2008-05-08,JKHY,NASDAQ,22.03,23.05,21.73,22.92,2533218.0,
2008-05-09,JKHY,NASDAQ,22.5,23.18,22.25,22.99,2254077.0,
2008-05-12,JKHY,NASDAQ,22.98,23.41,22.7,23.4,1402238.0,
2008-05-13,JKHY,NASDAQ,23.47,23.65,23.21,23.38,1246140.0,
2008-05-14,JKHY,NASDAQ,23.42,23.94,23.36,23.71,1173557.0,
2008-05-15,JKHY,NASDAQ,23.63,23.71,23.045,23.43,1109645.0,
2008-05-16,JKHY,NASDAQ,23.58,23.6,23.105,23.57,614811.0,
2008-05-19,JKHY,NASDAQ,23.46,23.592,23.16,23.3,945995.0,
2008-05-20,JKHY,NASDAQ,23.3,23.6,23.16,23.43,646619.0,
2008-05-21,JKHY,NASDAQ,23.51,23.76,23.16,23.31,694312.0,
2008-05-22,JKHY,NASDAQ,23.33,23.74,23.24,23.55,700316.0,
2008-05-23,JKHY,NASDAQ,23.28,23.41,22.991,23.15,672065.0,
2008-05-27,JKHY,NASDAQ,23.25,23.37,22.99,23.32,809191.0,
2008-05-28,JKHY,NASDAQ,23.33,23.33,23.025,23.32,545254.0,
2008-05-29,JKHY,NASDAQ,23.3,23.73,23.065,23.52,700297.0,
2008-05-30,JKHY,NASDAQ,23.59,23.83,23.3,23.8,887482.0,
2008-06-02,JKHY,NASDAQ,23.47,23.51,23.03,23.44,1196341.0,
2008-06-03,JKHY,NASDAQ,23.52,23.62,22.96,23.18,716288.0,
2008-06-04,JKHY,NASDAQ,23.12,23.76,23.12,23.53,627872.0,
2008-06-05,JKHY,NASDAQ,23.54,23.96,23.17,23.94,867269.0,
2008-06-06,JKHY,NASDAQ,23.67,23.67,23.115,23.12,911753.0,
2008-06-09,JKHY,NASDAQ,23.35,23.41,22.83,23.1,647818.0,
2008-06-10,JKHY,NASDAQ,22.85,23.27,22.85,22.94,730334.0,
2008-06-11,JKHY,NASDAQ,22.88,23.34,22.63,22.7,552905.0,
2008-06-12,JKHY,NASDAQ,22.93,23.29,22.85,22.93,524236.0,
2008-06-13,JKHY,NASDAQ,23.14,23.43,22.97,23.25,397107.0,
2008-06-16,JKHY,NASDAQ,23.18,23.37,23.0064,23.29,369670.0,
2008-06-17,JKHY,NASDAQ,23.29,23.44,23.22,23.27,462093.0,
2008-06-18,JKHY,NASDAQ,23.13,23.26,22.85,23.1,512584.0,
2008-06-19,JKHY,NASDAQ,23.07,23.43,22.9,23.36,562303.0,
2008-06-20,JKHY,NASDAQ,23.21,23.45,22.49,22.56,1259908.0,
2008-06-23,JKHY,NASDAQ,22.62,22.85,22.49,22.63,523907.0,
2008-06-24,JKHY,NASDAQ,22.52,22.64,22.24,22.27,682700.0,
2008-06-25,JKHY,NASDAQ,22.3,22.85,22.19,22.45,3031616.0,
2008-06-26,JKHY,NASDAQ,22.2,22.56,21.93,21.95,805081.0,
2008-06-27,JKHY,NASDAQ,21.96,22.07,21.67,21.85,892815.0,
2008-06-30,JKHY,NASDAQ,22.58,22.63,21.62,21.64,655116.0,
2008-07-01,JKHY,NASDAQ,21.54,22.09,21.54,22.06,1011138.0,
2008-07-02,JKHY,NASDAQ,21.77,22.01,21.48,21.73,1544315.0,
2008-07-03,JKHY,NASDAQ,21.75,21.98,21.5,21.51,642794.0,
2008-07-07,JKHY,NASDAQ,21.73,21.88,21.24,21.32,1010877.0,
2008-07-08,JKHY,NASDAQ,21.39,21.51,20.76,21.37,1685553.0,
2008-07-09,JKHY,NASDAQ,21.24,21.37,20.58,20.63,1014816.0,
2008-07-10,JKHY,NASDAQ,20.51,21.1,20.51,20.96,745870.0,
2008-07-11,JKHY,NASDAQ,20.94,21.24,20.69,20.93,1396584.0,
2008-07-14,JKHY,NASDAQ,21.16,21.2,20.47,20.48,1339008.0,
2008-07-15,JKHY,NASDAQ,20.43,20.87,20.13,20.57,954301.0,
2008-07-16,JKHY,NASDAQ,20.38,21.07,20.14,21.04,1000921.0,
2008-07-17,JKHY,NASDAQ,21.1,21.74,21.04,21.55,1100856.0,
2008-07-18,JKHY,NASDAQ,21.35,22.0,21.27,21.69,701527.0,
2008-07-21,JKHY,NASDAQ,21.75,21.75,20.92,21.22,662622.0,
2008-07-22,JKHY,NASDAQ,21.05,21.5,20.81,21.25,940579.0,
2008-07-23,JKHY,NASDAQ,21.15,21.42,20.89,21.32,946219.0,
2008-07-24,JKHY,NASDAQ,21.22,21.68,21.03,21.11,597991.0,
2008-07-25,JKHY,NASDAQ,21.27,21.62,21.04,21.23,508882.0,
2008-07-28,JKHY,NASDAQ,21.09,21.2,20.69,20.76,549630.0,
2008-07-29,JKHY,NASDAQ,20.84,21.56,20.7,21.33,564700.0,
2008-07-30,JKHY,NASDAQ,21.54,22.42,21.19,21.97,1185520.0,
2008-07-31,JKHY,NASDAQ,21.75,22.4,21.46,21.59,663121.0,
2008-08-01,JKHY,NASDAQ,21.48,22.14,21.05,21.31,558623.0,
2008-08-04,JKHY,NASDAQ,21.01,21.6,20.875,21.39,699836.0,
2008-08-05,JKHY,NASDAQ,21.63,21.89,21.54,21.84,462475.0,
2008-08-06,JKHY,NASDAQ,21.75,22.67,21.65,22.59,666080.0,
2008-08-07,JKHY,NASDAQ,22.33,22.71,22.27,22.56,497368.0,
2008-08-08,JKHY,NASDAQ,22.53,23.72,22.53,23.62,674957.0,
2008-08-11,JKHY,NASDAQ,23.53,24.445,23.18,24.09,829123.0,
2008-08-12,JKHY,NASDAQ,24.0,24.32,23.75,24.15,704500.0,
2008-08-13,JKHY,NASDAQ,24.05,24.45,23.54,23.72,913383.0,
2008-08-14,JKHY,NASDAQ,23.51,23.87,23.36,23.44,970657.0,
2008-08-15,JKHY,NASDAQ,23.74,23.93,23.24,23.49,858137.0,
2008-08-18,JKHY,NASDAQ,23.4,23.54,22.83,22.95,905313.0,
2008-08-19,JKHY,NASDAQ,22.68,23.08,22.1,22.24,1244430.0,
2008-08-20,JKHY,NASDAQ,19.67,20.96,19.5,20.36,3737656.0,
2008-08-21,JKHY,NASDAQ,20.21,20.45,19.86,20.1,1937527.0,
2008-08-22,JKHY,NASDAQ,20.1,20.28,19.96,19.99,1338797.0,
2008-08-25,JKHY,NASDAQ,20.07,20.1955,19.71,19.92,1434733.0,
2008-08-26,JKHY,NASDAQ,19.85,20.11,19.7175,19.85,936986.0,
2008-08-27,JKHY,NASDAQ,19.78,20.07,19.77,19.95,1042435.0,
2008-08-28,JKHY,NASDAQ,19.92,20.16,19.86,20.05,892510.0,
2008-08-29,JKHY,NASDAQ,20.02,20.22,19.83,20.03,832185.0,
2008-09-02,JKHY,NASDAQ,20.39,20.49,19.89,20.04,1029676.0,
2008-09-03,JKHY,NASDAQ,19.94,20.3,19.87,20.01,1000099.0,
2008-09-04,JKHY,NASDAQ,19.87,20.08,19.72,19.84,1039524.0,
2008-09-05,JKHY,NASDAQ,19.68,20.45,19.02,20.34,1458014.0,
2008-09-08,JKHY,NASDAQ,20.4,20.85,20.13,20.54,1201672.0,
2008-09-09,JKHY,NASDAQ,20.62,21.19,20.37,20.39,1282598.0,
2008-09-10,JKHY,NASDAQ,20.68,20.92,20.35,20.5,968545.0,
2008-09-11,JKHY,NASDAQ,20.21,20.57,19.87,20.17,1178827.0,
2008-09-12,JKHY,NASDAQ,20.05,20.39,19.88,20.25,553951.0,
2008-09-15,JKHY,NASDAQ,19.43,20.47,19.43,19.97,1177117.0,
2008-09-16,JKHY,NASDAQ,19.8,20.945,19.53,20.5,1611731.0,
2008-09-17,JKHY,NASDAQ,20.35,20.98,19.28,19.35,1873312.0,
2008-09-18,JKHY,NASDAQ,19.77,21.37,19.58,20.87,1960768.0,
2008-09-19,JKHY,NASDAQ,22.0,22.19,20.83,21.04,2750045.0,
2008-09-22,JKHY,NASDAQ,21.02,21.25,20.61,20.64,715066.0,
2008-09-23,JKHY,NASDAQ,20.69,20.96,20.23,20.36,401029.0,
2008-09-24,JKHY,NASDAQ,20.3,20.75,19.67,20.0,518755.0,
2008-09-25,JKHY,NASDAQ,20.08,20.9,19.92,20.55,762896.0,
2008-09-26,JKHY,NASDAQ,20.11,20.76,19.74,20.73,446582.0,
2008-09-29,JKHY,NASDAQ,20.48,20.58,19.45,19.83,822054.0,
2008-09-30,JKHY,NASDAQ,20.05,20.41,19.67,20.33,571279.0,
2008-10-01,JKHY,NASDAQ,20.3,20.39,19.77,20.31,432409.0,
2008-10-02,JKHY,NASDAQ,20.2,20.38,19.51,19.54,563990.0,
2008-10-03,JKHY,NASDAQ,19.26,19.91,18.73,18.75,710811.0,
2008-10-06,JKHY,NASDAQ,18.24,18.71,17.68,18.37,1482449.0,
2008-10-07,JKHY,NASDAQ,17.732,18.5,17.44,17.49,861414.0,
2008-10-08,JKHY,NASDAQ,17.05,17.89,16.6,17.13,1267232.0,
2008-10-09,JKHY,NASDAQ,17.2,17.48,16.16,16.16,1033007.0,
2008-10-10,JKHY,NASDAQ,15.78,17.33,14.76,16.98,1262557.0,
2008-10-13,JKHY,NASDAQ,17.64,18.26,16.81,18.21,1096133.0,
2008-10-14,JKHY,NASDAQ,17.37,18.6,17.37,17.98,1168189.0,
2008-10-15,JKHY,NASDAQ,17.56,17.88,16.09,16.13,1057450.0,
2008-10-16,JKHY,NASDAQ,16.06,16.93,15.53,16.82,1162254.0,
2008-10-17,JKHY,NASDAQ,16.28,18.12,16.08,17.3,901275.0,
2008-10-20,JKHY,NASDAQ,17.55,18.47,17.28,18.47,730145.0,
2008-10-21,JKHY,NASDAQ,18.15,18.49,17.74,17.8,766176.0,
2008-10-22,JKHY,NASDAQ,17.74,18.01,16.03,16.405,1421284.0,
2008-10-23,JKHY,NASDAQ,16.5,16.87,15.18,15.57,1460962.0,
2008-10-24,JKHY,NASDAQ,16.26,16.26,15.05,15.55,1091003.0,
2008-10-27,JKHY,NASDAQ,15.24,16.09,14.81,14.85,624829.0,
2008-10-28,JKHY,NASDAQ,15.21,16.8,14.99,16.8,1574446.0,
2008-10-29,JKHY,NASDAQ,16.91,17.32,16.26,16.77,915296.0,
2008-10-30,JKHY,NASDAQ,17.19,17.81,16.8,17.75,845724.0,
2008-10-31,JKHY,NASDAQ,17.53,19.64,16.87,19.01,1381961.0,
2008-11-03,JKHY,NASDAQ,19.08,19.15,18.42,18.5,768790.0,
2008-11-04,JKHY,NASDAQ,19.21,19.27,18.72,19.09,889964.0,
2008-11-05,JKHY,NASDAQ,17.61,18.73,17.33,17.5,1403826.0,
2008-11-06,JKHY,NASDAQ,17.46,17.63,16.48,16.56,956822.0,
2008-11-07,JKHY,NASDAQ,16.73,17.82,16.64,17.82,1091781.0,
2008-11-10,JKHY,NASDAQ,18.14,18.51,17.9,18.03,1181228.0,
2008-11-11,JKHY,NASDAQ,17.73,18.62,17.61,18.37,844283.0,
2008-11-12,JKHY,NASDAQ,18.0,18.16,17.67,17.75,1210225.0,
2008-11-13,JKHY,NASDAQ,17.8,18.94,16.89,18.82,1327145.0,
2008-11-14,JKHY,NASDAQ,18.37,18.99,17.62,17.71,1194423.0,
2008-11-17,JKHY,NASDAQ,17.53,18.0,16.83,17.46,1279346.0,
2008-11-18,JKHY,NASDAQ,17.6,17.69,16.81,17.45,1114132.0,
2008-11-19,JKHY,NASDAQ,17.48,17.8,16.13,16.16,1200440.0,
2008-11-20,JKHY,NASDAQ,16.02,16.66,15.38,15.47,1244243.0,
2008-11-21,JKHY,NASDAQ,15.65,16.74,15.132,16.74,1355316.0,
2008-11-24,JKHY,NASDAQ,17.09,17.86,16.67,17.78,955252.0,
2008-11-25,JKHY,NASDAQ,18.0,18.0,17.09,17.76,719796.0,
2008-11-26,JKHY,NASDAQ,17.52,18.47,16.97,18.32,723169.0,
2008-11-28,JKHY,NASDAQ,18.14,18.57,17.57,18.41,302497.0,
2008-12-01,JKHY,NASDAQ,17.89,18.435,16.45,16.51,912650.0,
2008-12-02,JKHY,NASDAQ,16.89,17.53,16.48,17.34,833674.0,
2008-12-03,JKHY,NASDAQ,16.82,17.89,16.0,17.66,708144.0,
2008-12-04,JKHY,NASDAQ,17.28,17.65,16.56,16.99,820529.0,
2008-12-05,JKHY,NASDAQ,17.45,18.12,16.33,18.1,920203.0,
2008-12-08,JKHY,NASDAQ,18.48,18.82,17.95,18.51,1218082.0,
2008-12-09,JKHY,NASDAQ,18.26,19.24,18.26,18.5,1718227.0,
2008-12-10,JKHY,NASDAQ,18.68,18.99,18.24,18.46,1174968.0,
2008-12-11,JKHY,NASDAQ,18.36,18.76,17.54,17.74,949935.0,
2008-12-12,JKHY,NASDAQ,17.46,18.39,17.29,18.21,817798.0,
2008-12-15,JKHY,NASDAQ,18.31,18.45,17.63,17.86,664952.0,
2008-12-16,JKHY,NASDAQ,18.27,18.69,17.83,18.69,781502.0,
2008-12-17,JKHY,NASDAQ,18.27,18.89,18.15,18.65,727735.0,
2008-12-18,JKHY,NASDAQ,18.65,18.95,18.13,18.43,995776.0,
2008-12-19,JKHY,NASDAQ,18.51,19.48,18.51,18.87,1707526.0,
2008-12-22,JKHY,NASDAQ,18.9,19.04,18.26,18.55,904550.0,
2008-12-23,JKHY,NASDAQ,18.76,19.13,18.37,18.64,792506.0,
2008-12-24,JKHY,NASDAQ,18.54,18.7,18.3,18.55,271447.0,
2008-12-26,JKHY,NASDAQ,18.67,18.73,18.15,18.54,248538.0,
2008-12-29,JKHY,NASDAQ,18.28,18.5,18.03,18.21,367602.0,
2008-12-30,JKHY,NASDAQ,18.37,18.92,18.37,18.9,399308.0,
2008-12-31,JKHY,NASDAQ,18.97,19.54,18.75,19.41,641916.0,
2009-01-02,JKHY,NASDAQ,19.5,19.68,19.16,19.56,408315.0,
2009-01-05,JKHY,NASDAQ,19.52,19.64,19.09,19.35,570310.0,
2009-01-06,JKHY,NASDAQ,19.59,19.94,19.09,19.63,661193.0,
2009-01-07,JKHY,NASDAQ,19.23,19.86,19.21,19.49,628210.0,
2009-01-08,JKHY,NASDAQ,19.51,19.72,19.18,19.62,558673.0,
2009-01-09,JKHY,NASDAQ,19.56,19.91,19.41,19.45,1108285.0,
2009-01-12,JKHY,NASDAQ,19.52,19.63,18.76,18.97,617379.0,
2009-01-13,JKHY,NASDAQ,19.25,19.25,18.72,19.08,566914.0,
2009-01-14,JKHY,NASDAQ,18.84,19.28,18.25,18.37,763982.0,
2009-01-15,JKHY,NASDAQ,18.37,18.75,17.91,18.67,819479.0,
2009-01-16,JKHY,NASDAQ,18.97,19.1,18.37,18.97,814940.0,
2009-01-20,JKHY,NASDAQ,18.77,19.0,18.13,18.15,1012861.0,
2009-01-21,JKHY,NASDAQ,18.51,18.77,17.96,18.55,867643.0,
2009-01-22,JKHY,NASDAQ,18.12,18.48,17.83,18.2,685481.0,
2009-01-23,JKHY,NASDAQ,17.88,18.2,17.76,17.91,812451.0,
2009-01-26,JKHY,NASDAQ,17.85,18.25,17.71,17.97,1024362.0,
2009-01-27,JKHY,NASDAQ,17.98,18.3,17.98,18.2,644623.0,
2009-01-28,JKHY,NASDAQ,18.39,18.85,18.22,18.72,725076.0,
2009-01-29,JKHY,NASDAQ,18.51,18.68,18.28,18.38,464149.0,
2009-01-30,JKHY,NASDAQ,18.55,18.72,17.75,17.8,594135.0,
2009-02-02,JKHY,NASDAQ,17.56,18.18,17.55,18.11,704645.0,
2009-02-03,JKHY,NASDAQ,18.13,18.36,17.79,18.29,553629.0,
2009-02-04,JKHY,NASDAQ,17.49,18.21,16.3,16.55,2035823.0,
2009-02-05,JKHY,NASDAQ,16.59,17.36,16.45,17.11,778380.0,
2009-02-06,JKHY,NASDAQ,17.1,17.9,17.07,17.86,1029104.0,
2009-02-09,JKHY,NASDAQ,17.69,17.95,17.5,17.9,665834.0,
2009-02-10,JKHY,NASDAQ,17.71,17.91,16.96,17.02,1167866.0,
2009-02-11,JKHY,NASDAQ,16.97,17.322,16.79,17.13,799882.0,
2009-02-12,JKHY,NASDAQ,16.9,17.3,16.63,17.26,857050.0,
2009-02-13,JKHY,NASDAQ,17.32,17.51,17.09,17.22,663362.0,
2009-02-17,JKHY,NASDAQ,16.82,16.99,16.52,16.72,840567.0,
2009-02-18,JKHY,NASDAQ,16.65,16.84,16.36,16.58,606608.0,
2009-02-19,JKHY,NASDAQ,16.8,16.8,16.32,16.44,545327.0,
2009-02-20,JKHY,NASDAQ,16.29,16.51,15.89,16.27,891814.0,
2009-02-23,JKHY,NASDAQ,16.38,16.57,15.64,15.67,708059.0,
2009-02-24,JKHY,NASDAQ,15.86,16.31,15.445,16.25,746502.0,
2009-02-25,JKHY,NASDAQ,16.11,16.15,15.52,15.85,652712.0,
2009-02-26,JKHY,NASDAQ,15.96,16.16,15.7901,15.8,490155.0,
2009-02-27,JKHY,NASDAQ,15.49,16.4,15.46,15.93,818584.0,
2009-03-02,JKHY,NASDAQ,15.55,16.07,15.45,15.46,756072.0,
2009-03-03,JKHY,NASDAQ,15.63,15.82,15.07,15.16,785366.0,
2009-03-04,JKHY,NASDAQ,15.32,15.48,14.98,15.27,501397.0,
2009-03-05,JKHY,NASDAQ,15.0,15.17,14.71,14.73,855499.0,
2009-03-06,JKHY,NASDAQ,14.79,15.12,14.61,14.8,1134784.0,
2009-03-09,JKHY,NASDAQ,14.7,15.08,14.29,14.35,666430.0,
2009-03-10,JKHY,NASDAQ,14.7,15.19,14.48,15.15,647514.0,
2009-03-11,JKHY,NASDAQ,15.18,15.44,14.92,15.08,652900.0,
2009-03-12,JKHY,NASDAQ,15.1,15.68,14.94,15.63,726931.0,
2009-03-13,JKHY,NASDAQ,15.69,15.69,15.31,15.49,499180.0,
2009-03-16,JKHY,NASDAQ,15.65,15.65,15.19,15.24,556506.0,
2009-03-17,JKHY,NASDAQ,15.28,15.85,15.2,15.85,754004.0,
2009-03-18,JKHY,NASDAQ,15.03,16.47,15.0,16.35,618226.0,
2009-03-19,JKHY,NASDAQ,16.45,16.47,16.16,16.3,383373.0,
2009-03-20,JKHY,NASDAQ,16.45,16.64,15.74,15.84,841125.0,
2009-03-23,JKHY,NASDAQ,16.25,16.56,15.99,16.56,683035.0,
2009-03-24,JKHY,NASDAQ,16.36,16.62,16.1,16.12,429569.0,
2009-03-25,JKHY,NASDAQ,16.3,16.57,15.93,16.35,555796.0,
2009-03-26,JKHY,NASDAQ,16.57,16.74,16.38,16.74,940775.0,
2009-03-27,JKHY,NASDAQ,16.58,16.68,16.27,16.28,474515.0,
2009-03-30,JKHY,NASDAQ,15.98,16.13,15.67,16.05,551010.0,
2009-03-31,JKHY,NASDAQ,16.19,16.63,16.04,16.32,485566.0,
2009-04-01,JKHY,NASDAQ,17.23,18.34,17.23,17.4,2382257.0,
2009-04-02,JKHY,NASDAQ,17.72,17.89,17.28,17.69,1082293.0,
2009-04-03,JKHY,NASDAQ,17.74,17.76,17.45,17.69,497808.0,
2009-04-06,JKHY,NASDAQ,17.5,17.85,17.34,17.62,529755.0,
2009-04-07,JKHY,NASDAQ,17.42,17.62,16.99,17.03,392213.0,
2009-04-08,JKHY,NASDAQ,17.18,17.44,16.95,17.19,366641.0,
2009-04-09,JKHY,NASDAQ,17.69,18.16,17.44,18.02,630508.0,
2009-04-13,JKHY,NASDAQ,17.78,17.88,17.44,17.73,370847.0,
2009-04-14,JKHY,NASDAQ,17.47,17.85,17.34,17.51,426882.0,
2009-04-15,JKHY,NASDAQ,17.48,17.61,17.29,17.52,438842.0,
2009-04-16,JKHY,NASDAQ,17.79,18.03,17.46,17.96,403678.0,
2009-04-17,JKHY,NASDAQ,17.92,18.0,17.63,17.82,398437.0,
2009-04-20,JKHY,NASDAQ,17.41,18.09,17.13,17.29,445796.0,
2009-04-21,JKHY,NASDAQ,17.24,17.65,17.24,17.54,535505.0,
2009-04-22,JKHY,NASDAQ,17.39,17.82,17.36,17.54,457945.0,
2009-04-23,JKHY,NASDAQ,17.59,17.59,17.019,17.43,664840.0,
2009-04-24,JKHY,NASDAQ,17.78,17.83,17.51,17.73,593522.0,
2009-04-27,JKHY,NASDAQ,17.7,18.01,17.55,17.81,538329.0,
2009-04-28,JKHY,NASDAQ,17.78,18.4,17.77,18.17,618246.0,
2009-04-29,JKHY,NASDAQ,18.0,18.64,18.0,18.46,527232.0,
2009-04-30,JKHY,NASDAQ,18.63,18.64,18.0,18.02,639498.0,
2009-05-01,JKHY,NASDAQ,18.0,18.37,17.875,18.0,580872.0,
2009-05-04,JKHY,NASDAQ,18.23,18.3,17.93,18.18,434935.0,
2009-05-05,JKHY,NASDAQ,18.22,18.3,17.59,17.62,903680.0,
2009-05-06,JKHY,NASDAQ,17.55,17.99,17.21,17.69,989031.0,
2009-05-07,JKHY,NASDAQ,17.85,17.91,17.555,17.64,1106223.0,
2009-05-08,JKHY,NASDAQ,17.87,18.01,17.61,18.01,690818.0,
2009-05-11,JKHY,NASDAQ,17.79,18.05,17.71,17.98,666900.0,
2009-05-12,JKHY,NASDAQ,18.01,18.2,17.84,18.14,862732.0,
2009-05-13,JKHY,NASDAQ,17.89,18.24,17.61,17.63,610324.0,
2009-05-14,JKHY,NASDAQ,17.77,17.88,17.55,17.69,402799.0,
2009-05-15,JKHY,NASDAQ,17.66,17.915,17.55,17.68,485359.0,
2009-05-18,JKHY,NASDAQ,17.78,18.2,17.72,18.18,442702.0,
2009-05-19,JKHY,NASDAQ,18.27,18.54,18.2,18.4,637798.0,
2009-05-20,JKHY,NASDAQ,18.47,18.88,18.47,18.48,859822.0,
2009-05-21,JKHY,NASDAQ,18.5,18.68,18.07,18.23,765224.0,
2009-05-22,JKHY,NASDAQ,18.31,18.47,18.16,18.3,423370.0,
2009-05-26,JKHY,NASDAQ,18.18,18.94,18.18,18.82,566963.0,
2009-05-27,JKHY,NASDAQ,18.84,18.88,18.3,18.31,542718.0,
2009-05-28,JKHY,NASDAQ,18.59,18.61,18.11,18.41,525170.0,
2009-05-29,JKHY,NASDAQ,18.44,18.45,18.08,18.37,664476.0,
2009-06-01,JKHY,NASDAQ,18.66,18.81,18.32,18.75,815889.0,
2009-06-02,JKHY,NASDAQ,18.76,19.19,18.7,19.05,671967.0,
2009-06-03,JKHY,NASDAQ,18.93,19.09,18.78,19.01,539415.0,
2009-06-04,JKHY,NASDAQ,18.98,19.09,18.82,19.0,503244.0,
2009-06-05,JKHY,NASDAQ,19.14,19.24,18.91,19.21,468036.0,
2009-06-08,JKHY,NASDAQ,19.21,19.21,18.82,18.97,538551.0,
2009-06-09,JKHY,NASDAQ,19.11,19.13,18.93,18.94,420290.0,
2009-06-10,JKHY,NASDAQ,19.09,19.09,18.59,18.71,842119.0,
2009-06-11,JKHY,NASDAQ,18.77,19.27,18.74,19.17,725485.0,
2009-06-12,JKHY,NASDAQ,19.02,19.12,18.83,19.09,388395.0,
2009-06-15,JKHY,NASDAQ,18.97,19.06,18.5,18.62,562520.0,
2009-06-16,JKHY,NASDAQ,18.82,18.82,18.41,18.44,540804.0,
2009-06-17,JKHY,NASDAQ,18.43,19.0,18.43,18.97,799869.0,
2009-06-18,JKHY,NASDAQ,18.9,19.46,18.76,19.44,957169.0,
2009-06-19,JKHY,NASDAQ,19.58,19.68,19.45,19.57,1234746.0,
2009-06-22,JKHY,NASDAQ,19.48,19.53,19.31,19.46,1022732.0,
2009-06-23,JKHY,NASDAQ,19.48,19.57,19.45,19.48,908758.0,
2009-06-24,JKHY,NASDAQ,19.65,19.93,19.55,19.92,911468.0,
2009-06-25,JKHY,NASDAQ,19.27,20.25,19.27,20.25,988842.0,
2009-06-26,JKHY,NASDAQ,20.07,20.82,20.01,20.8,2674728.0,
2009-06-29,JKHY,NASDAQ,20.85,20.96,20.68,20.85,768882.0,
2009-06-30,JKHY,NASDAQ,20.76,20.99,20.54,20.75,1082651.0,
2009-07-01,JKHY,NASDAQ,20.99,21.03,20.76,20.87,685665.0,
2009-07-02,JKHY,NASDAQ,20.67,20.72,20.23,20.29,550143.0,
2009-07-06,JKHY,NASDAQ,20.28,20.37,20.11,20.34,630838.0,
2009-07-07,JKHY,NASDAQ,20.35,20.55,20.12,20.13,841810.0,
2009-07-08,JKHY,NASDAQ,20.23,20.32,19.67,19.88,789334.0,
2009-07-09,JKHY,NASDAQ,20.09,20.09,19.65,19.66,584093.0,
2009-07-10,JKHY,NASDAQ,19.58,20.14,19.56,20.08,842364.0,
2009-07-13,JKHY,NASDAQ,20.2,20.33,19.7,20.33,553722.0,
2009-07-14,JKHY,NASDAQ,20.32,20.43,20.1,20.33,637474.0,
2009-07-15,JKHY,NASDAQ,20.55,20.96,20.45,20.96,528520.0,
2009-07-16,JKHY,NASDAQ,20.86,20.99,20.76,20.9,640713.0,
2009-07-17,JKHY,NASDAQ,20.99,21.0,20.69,20.92,696385.0,
2009-07-20,JKHY,NASDAQ,21.0,21.07,20.75,20.88,603039.0,
2009-07-21,JKHY,NASDAQ,21.01,21.04,20.77,20.98,707893.0,
2009-07-22,JKHY,NASDAQ,21.0,21.33,20.85,21.25,948622.0,
2009-07-23,JKHY,NASDAQ,21.15,21.72,21.1111,21.64,962419.0,
2009-07-24,JKHY,NASDAQ,21.42,21.63,21.28,21.48,703073.0,
2009-07-27,JKHY,NASDAQ,21.56,21.61,21.13,21.42,441856.0,
2009-07-28,JKHY,NASDAQ,21.34,21.54,21.19,21.42,525952.0,
2009-07-29,JKHY,NASDAQ,21.31,21.64,21.31,21.61,607761.0,
2009-07-30,JKHY,NASDAQ,21.87,21.99,21.46,21.53,661991.0,
2009-07-31,JKHY,NASDAQ,21.5,21.66,21.38,21.47,853783.0,
2009-08-03,JKHY,NASDAQ,21.56,21.74,21.33,21.7,551785.0,
2009-08-04,JKHY,NASDAQ,21.6,21.92,21.42,21.9,416787.0,
2009-08-05,JKHY,NASDAQ,21.85,21.85,21.29,21.31,582504.0,
2009-08-06,JKHY,NASDAQ,21.38,21.4,21.06,21.24,483493.0,
2009-08-07,JKHY,NASDAQ,21.57,21.94,21.03,21.9,466047.0,
2009-08-10,JKHY,NASDAQ,21.69,22.1,21.6,22.04,460021.0,
2009-08-11,JKHY,NASDAQ,21.81,22.21,21.72,22.04,618862.0,
2009-08-12,JKHY,NASDAQ,22.0,22.44,21.87,22.18,564755.0,
2009-08-13,JKHY,NASDAQ,22.25,22.31,21.96,22.24,298227.0,
2009-08-14,JKHY,NASDAQ,22.24,22.34,21.8,22.05,422070.0,
2009-08-17,JKHY,NASDAQ,21.89,22.01,21.71,21.93,470957.0,
2009-08-18,JKHY,NASDAQ,22.05,22.29,21.76,22.09,688925.0,
2009-08-19,JKHY,NASDAQ,21.98,23.97,21.7501,23.2,2763813.0,
2009-08-20,JKHY,NASDAQ,23.33,23.65,23.05,23.59,1249527.0,
2009-08-21,JKHY,NASDAQ,23.85,23.87,23.47,23.59,911974.0,
2009-08-24,JKHY,NASDAQ,23.75,23.8,23.07,23.31,941542.0,
2009-08-25,JKHY,NASDAQ,23.47,23.63,23.32,23.43,351655.0,
2009-08-26,JKHY,NASDAQ,23.49,23.54,23.11,23.23,545447.0,
2009-08-27,JKHY,NASDAQ,23.31,23.43,22.86,23.43,431710.0,
2009-08-28,JKHY,NASDAQ,23.43,23.52,23.12,23.34,652854.0,
2009-08-31,JKHY,NASDAQ,23.2,23.4,23.07,23.31,888124.0,
2009-09-01,JKHY,NASDAQ,23.13,23.67,22.95,23.12,644081.0,
2009-09-02,JKHY,NASDAQ,23.01,23.19,22.682,22.89,546288.0,
2009-09-03,JKHY,NASDAQ,23.05,23.05,22.56,22.76,332382.0,
2009-09-04,JKHY,NASDAQ,22.73,23.0,22.55,23.0,348093.0,
2009-09-08,JKHY,NASDAQ,23.06,23.69,22.95,23.69,981711.0,
2009-09-09,JKHY,NASDAQ,23.64,24.01,23.63,24.01,572810.0,
2009-09-10,JKHY,NASDAQ,23.98,24.4,23.84,24.27,659792.0,
2009-09-11,JKHY,NASDAQ,24.24,24.29,24.0,24.18,360149.0,
2009-09-14,JKHY,NASDAQ,24.14,24.53,23.53,24.49,496356.0,
2009-09-15,JKHY,NASDAQ,24.4,24.4,23.96,24.36,417545.0,
2009-09-16,JKHY,NASDAQ,24.32,24.6,24.02,24.59,444838.0,
2009-09-17,JKHY,NASDAQ,24.48,24.66,23.99,24.52,506344.0,
2009-09-18,JKHY,NASDAQ,24.49,24.55,24.21,24.52,838772.0,
2009-09-21,JKHY,NASDAQ,24.26,24.55,24.06,24.47,413494.0,
2009-09-22,JKHY,NASDAQ,24.47,24.47,23.85,23.95,600982.0,
2009-09-23,JKHY,NASDAQ,24.0,24.02,23.79,23.8,599028.0,
2009-09-24,JKHY,NASDAQ,23.9,23.94,23.5,23.75,398987.0,
2009-09-25,JKHY,NASDAQ,23.71,23.86,23.58,23.81,379335.0,
2009-09-28,JKHY,NASDAQ,23.0,23.83,22.59,23.68,645378.0,
2009-09-29,JKHY,NASDAQ,23.62,23.86,23.51,23.51,781414.0,
2009-09-30,JKHY,NASDAQ,23.59,23.7,23.01,23.47,813229.0,
2009-10-01,JKHY,NASDAQ,23.65,23.65,22.93,23.06,590133.0,
2009-10-02,JKHY,NASDAQ,22.94,23.26,22.9,23.12,369073.0,
2009-10-05,JKHY,NASDAQ,23.13,23.4,22.99,23.25,717324.0,
2009-10-06,JKHY,NASDAQ,23.39,23.72,23.16,23.63,665112.0,
2009-10-07,JKHY,NASDAQ,23.61,23.61,23.4,23.55,387577.0,
2009-10-08,JKHY,NASDAQ,23.7,23.97,23.46,23.81,591075.0,
2009-10-09,JKHY,NASDAQ,23.75,24.08,23.75,24.07,261679.0,
2009-10-12,JKHY,NASDAQ,24.09,24.17,23.85,24.1,195096.0,
2009-10-13,JKHY,NASDAQ,24.11,24.24,23.92,24.06,315165.0,
2009-10-14,JKHY,NASDAQ,24.23,24.45,23.78,24.45,324345.0,
2009-10-15,JKHY,NASDAQ,24.27,24.45,24.02,24.33,357358.0,
2009-10-16,JKHY,NASDAQ,24.25,24.25,23.86,24.1,438336.0,
2009-10-19,JKHY,NASDAQ,24.2,24.52,23.94,24.49,416460.0,
2009-10-20,JKHY,NASDAQ,24.49,24.5,24.14,24.24,329088.0,
2009-10-21,JKHY,NASDAQ,24.12,24.75,24.05,24.32,756716.0,
2009-10-22,JKHY,NASDAQ,24.41,24.64,24.07,24.52,367564.0,
2009-10-23,JKHY,NASDAQ,24.5,24.57,23.9,24.13,495985.0,
2009-10-26,JKHY,NASDAQ,24.21,24.58,23.89,24.05,556920.0,
2009-10-27,JKHY,NASDAQ,24.21,24.4,23.76,23.88,464448.0,
2009-10-28,JKHY,NASDAQ,23.96,23.97,23.24,23.25,467410.0,
2009-10-29,JKHY,NASDAQ,23.25,23.43,22.95,23.36,564146.0,
2009-10-30,JKHY,NASDAQ,23.19,23.35,22.92,23.07,746912.0,
2009-11-02,JKHY,NASDAQ,23.05,23.38,22.65,22.98,1059185.0,
2009-11-03,JKHY,NASDAQ,22.92,23.23,22.65,23.2,592551.0,
2009-11-04,JKHY,NASDAQ,23.2,23.41,22.6301,23.11,660336.0,
2009-11-05,JKHY,NASDAQ,23.34,24.0,23.15,23.98,589466.0,
2009-11-06,JKHY,NASDAQ,23.91,24.14,23.7,23.87,431475.0,
2009-11-09,JKHY,NASDAQ,24.09,24.19,23.8,24.19,470171.0,
2009-11-10,JKHY,NASDAQ,24.01,24.26,23.86,24.03,347248.0,
2009-11-11,JKHY,NASDAQ,24.29,24.29,23.78,24.11,471427.0,
2009-11-12,JKHY,NASDAQ,24.17,24.24,23.57,23.6,479818.0,
2009-11-13,JKHY,NASDAQ,23.74,23.75,23.32,23.65,559313.0,
2009-11-16,JKHY,NASDAQ,23.85,24.19,23.61,24.09,465350.0,
2009-11-17,JKHY,NASDAQ,24.13,24.13,23.8,23.98,352577.0,
2009-11-18,JKHY,NASDAQ,24.04,24.04,23.54,23.85,338938.0,
2009-11-19,JKHY,NASDAQ,23.6,23.6,23.09,23.3,418472.0,
2009-11-20,JKHY,NASDAQ,23.26,23.54,23.07,23.31,420601.0,
2009-11-23,JKHY,NASDAQ,23.58,23.83,23.33,23.72,513269.0,
2009-11-24,JKHY,NASDAQ,23.65,23.65,23.28,23.48,319781.0,
2009-11-25,JKHY,NASDAQ,23.59,23.65,23.4,23.47,258830.0,
2009-11-27,JKHY,NASDAQ,22.85,23.14,22.75,22.86,259637.0,
2009-11-30,JKHY,NASDAQ,22.22,22.9,22.22,22.85,615751.0,
2009-12-01,JKHY,NASDAQ,23.06,23.16,22.8,23.04,756498.0,
2009-12-02,JKHY,NASDAQ,22.96,23.43,22.92,23.09,612769.0,
2009-12-03,JKHY,NASDAQ,23.07,23.36,23.0,23.05,605630.0,
2009-12-04,JKHY,NASDAQ,23.44,23.8,22.85,23.01,1211222.0,
2009-12-07,JKHY,NASDAQ,22.9,23.2,22.88,23.11,365008.0,
2009-12-08,JKHY,NASDAQ,22.85,23.045,22.43,22.96,549649.0,
2009-12-09,JKHY,NASDAQ,23.0,23.05,22.66,22.95,359352.0,
2009-12-10,JKHY,NASDAQ,23.1,23.29,22.66,22.78,608587.0,
2009-12-11,JKHY,NASDAQ,22.87,23.05,22.62,22.85,223887.0,
2009-12-14,JKHY,NASDAQ,22.94,23.06,22.68,23.06,363672.0,
2009-12-15,JKHY,NASDAQ,22.93,23.23,22.73,23.04,382857.0,
2009-12-16,JKHY,NASDAQ,23.21,23.33,23.05,23.26,426494.0,
2009-12-17,JKHY,NASDAQ,23.07,23.25,22.83,23.08,455487.0,
2009-12-18,JKHY,NASDAQ,23.24,23.24,22.88,23.02,771214.0,
2009-12-21,JKHY,NASDAQ,23.07,23.36,22.91,23.13,296524.0,
2009-12-22,JKHY,NASDAQ,23.23,23.44,23.07,23.42,460941.0,
2009-12-23,JKHY,NASDAQ,23.41,23.68,23.28,23.57,324404.0,
2009-12-24,JKHY,NASDAQ,23.67,23.7,23.44,23.69,38650.0,
2009-12-28,JKHY,NASDAQ,23.78,23.78,23.43,23.75,231348.0,
2009-12-29,JKHY,NASDAQ,23.72,23.88,23.62,23.68,164538.0,
2009-12-30,JKHY,NASDAQ,23.55,23.79,23.41,23.55,259874.0,
2009-12-31,JKHY,NASDAQ,23.52,23.6,23.11,23.14,322730.0,
2010-01-04,JKHY,NASDAQ,23.4,23.86,23.24,23.85,493749.0,
2010-01-05,JKHY,NASDAQ,23.8,23.88,23.34,23.47,344207.0,
2010-01-06,JKHY,NASDAQ,23.52,23.54,23.33,23.43,287941.0,
2010-01-07,JKHY,NASDAQ,23.37,23.43,23.15,23.41,279295.0,
2010-01-08,JKHY,NASDAQ,23.41,23.41,23.05,23.2,245474.0,
2010-01-11,JKHY,NASDAQ,23.18,23.22,22.88,23.02,224964.0,
2010-01-12,JKHY,NASDAQ,22.89,23.05,22.69,22.92,325454.0,
2010-01-13,JKHY,NASDAQ,23.05,23.35,22.93,23.25,316182.0,
2010-01-14,JKHY,NASDAQ,23.12,23.465,23.12,23.43,172925.0,
2010-01-15,JKHY,NASDAQ,23.54,23.54,23.01,23.2,517778.0,
2010-01-19,JKHY,NASDAQ,23.15,23.55,23.12,23.52,334962.0,
2010-01-20,JKHY,NASDAQ,23.32,23.35,22.81,23.17,311620.0,
2010-01-21,JKHY,NASDAQ,23.25,23.36,22.65,22.89,402284.0,
2010-01-22,JKHY,NASDAQ,22.92,23.05,22.39,22.44,376468.0,
2010-01-25,JKHY,NASDAQ,22.57,22.61,22.25,22.38,273206.0,
2010-01-26,JKHY,NASDAQ,22.32,22.43,22.14,22.17,424739.0,
2010-01-27,JKHY,NASDAQ,22.03,22.37,22.03,22.26,569068.0,
2010-01-28,JKHY,NASDAQ,22.23,22.23,21.65,21.85,528123.0,
2010-01-29,JKHY,NASDAQ,21.91,22.14,21.88,21.96,749541.0,
2010-02-01,JKHY,NASDAQ,22.02,22.54,21.95,22.5,733564.0,
2010-02-02,JKHY,NASDAQ,22.47,23.06,22.28,22.76,854396.0,
2010-02-03,JKHY,NASDAQ,22.77,23.74,22.32,22.61,833123.0,
2010-02-04,JKHY,NASDAQ,22.51,22.51,21.96,22.05,651993.0,
2010-02-05,JKHY,NASDAQ,22.01,22.08,21.36,21.75,675422.0,
2010-02-08,JKHY,NASDAQ,21.73,21.73,21.4,21.44,495450.0,
2010-02-09,JKHY,NASDAQ,21.71,21.82,21.4,21.48,606136.0,
2010-02-10,JKHY,NASDAQ,21.37,21.52,21.03,21.31,534198.0,
2010-02-11,JKHY,NASDAQ,21.21,21.63,21.01,21.59,379999.0,
2010-02-12,JKHY,NASDAQ,21.38,21.59,21.32,21.58,397985.0,
2010-02-16,JKHY,NASDAQ,22.98,22.98,21.95,22.19,765182.0,
2010-02-17,JKHY,NASDAQ,22.18,22.52,22.13,22.52,483804.0,
2010-02-18,JKHY,NASDAQ,22.58,22.71,22.41,22.71,356623.0,
2010-02-19,JKHY,NASDAQ,22.74,22.86,22.49,22.67,551582.0,
2010-02-22,JKHY,NASDAQ,22.67,22.77,22.39,22.6,991454.0,
2010-02-23,JKHY,NASDAQ,22.47,22.64,22.26,22.45,623338.0,
2010-02-24,JKHY,NASDAQ,22.58,22.68,22.37,22.67,447675.0,
2010-02-25,JKHY,NASDAQ,22.33,22.6,22.19,22.58,469106.0,
2010-02-26,JKHY,NASDAQ,22.65,22.71,22.37,22.58,561054.0,
2010-03-01,JKHY,NASDAQ,22.7,23.15,22.69,23.04,640154.0,
2010-03-02,JKHY,NASDAQ,22.99,23.25,22.99,23.2,520913.0,
2010-03-03,JKHY,NASDAQ,23.25,23.35,23.05,23.13,394597.0,
2010-03-04,JKHY,NASDAQ,23.23,23.47,23.02,23.42,502085.0,
2010-03-05,JKHY,NASDAQ,23.46,23.7,23.424,23.7,525261.0,
2010-03-08,JKHY,NASDAQ,23.61,23.7,23.5,23.59,483896.0,
2010-03-09,JKHY,NASDAQ,23.55,23.75,23.46,23.55,418960.0,
2010-03-10,JKHY,NASDAQ,23.47,23.725,23.39,23.57,432754.0,
2010-03-11,JKHY,NASDAQ,23.37,23.67,23.3515,23.67,570657.0,
2010-03-12,JKHY,NASDAQ,23.66,23.83,23.49,23.83,655227.0,
2010-03-15,JKHY,NASDAQ,23.53,23.95,23.51,23.95,848842.0,
2010-03-16,JKHY,NASDAQ,23.9,24.56,23.82,24.55,1182283.0,
2010-03-17,JKHY,NASDAQ,24.65,24.79,24.45,24.76,865918.0,
2010-03-18,JKHY,NASDAQ,24.62,24.77,24.45,24.58,763343.0,
2010-03-19,JKHY,NASDAQ,24.76,24.88,24.4,24.49,847093.0,
2010-03-22,JKHY,NASDAQ,24.41,24.79,24.3,24.72,520417.0,
2010-03-23,JKHY,NASDAQ,24.8,24.82,24.55,24.8,541291.0,
2010-03-24,JKHY,NASDAQ,24.75,24.83,24.3,24.3,451392.0,
2010-03-25,JKHY,NASDAQ,24.55,24.72,24.22,24.24,417795.0,
2010-03-26,JKHY,NASDAQ,24.28,24.43,24.09,24.18,442123.0,
2010-03-29,JKHY,NASDAQ,24.18,24.36,24.07,24.29,412651.0,
2010-03-30,JKHY,NASDAQ,24.37,24.47,24.11,24.21,352146.0,
2010-03-31,JKHY,NASDAQ,24.08,24.25,24.02,24.06,462220.0,
2010-04-01,JKHY,NASDAQ,24.23,24.36,24.13,24.35,425717.0,
2010-04-05,JKHY,NASDAQ,24.48,24.74,24.325,24.74,416085.0,
2010-04-06,JKHY,NASDAQ,24.56,24.79,24.53,24.74,666677.0,
2010-04-07,JKHY,NASDAQ,24.72,24.73,24.37,24.53,532110.0,
2010-04-08,JKHY,NASDAQ,24.4,24.61,24.311,24.5,427657.0,
2010-04-09,JKHY,NASDAQ,24.48,24.71,24.36,24.71,351754.0,
2010-04-12,JKHY,NASDAQ,24.66,24.73,24.48,24.65,356690.0,
2010-04-13,JKHY,NASDAQ,24.64,24.64,24.44,24.58,157890.0,
2010-04-14,JKHY,NASDAQ,24.62,24.8,24.54,24.8,269947.0,
2010-04-15,JKHY,NASDAQ,24.73,25.04,24.71,25.01,353712.0,
2010-04-16,JKHY,NASDAQ,25.02,25.18,24.81,24.95,335931.0,
2010-04-19,JKHY,NASDAQ,24.81,24.97,24.51,24.72,336514.0,
2010-04-20,JKHY,NASDAQ,24.86,25.13,24.66,25.13,211893.0,
2010-04-21,JKHY,NASDAQ,25.13,25.29,24.9,25.21,415140.0,
2010-04-22,JKHY,NASDAQ,24.91,25.32,24.83,25.31,278454.0,
2010-04-23,JKHY,NASDAQ,25.39,25.49,25.1,25.48,286549.0,
2010-04-26,JKHY,NASDAQ,25.42,25.71,25.3305,25.59,343840.0,
2010-04-27,JKHY,NASDAQ,25.53,25.8,25.41,25.5,662908.0,
2010-04-28,JKHY,NASDAQ,25.56,25.78,25.39,25.61,479173.0,
2010-04-29,JKHY,NASDAQ,25.8,25.85,25.53,25.79,314903.0,
2010-04-30,JKHY,NASDAQ,25.79,25.9,25.52,25.52,766537.0,
2010-05-03,JKHY,NASDAQ,25.69,26.05,25.52,26.03,484323.0,
2010-05-04,JKHY,NASDAQ,25.66,25.93,25.3,25.46,604809.0,
2010-05-05,JKHY,NASDAQ,25.4,25.47,24.591,25.31,447719.0,
2010-05-06,JKHY,NASDAQ,25.24,26.5,25.14,25.51,1823294.0,
2010-05-07,JKHY,NASDAQ,25.53,25.69,24.37,24.46,1665156.0,
2010-05-10,JKHY,NASDAQ,25.26,25.5,24.8,25.16,683409.0,
2010-05-11,JKHY,NASDAQ,24.89,25.17,24.5,25.0,552639.0,
2010-05-12,JKHY,NASDAQ,25.15,25.57,25.07,25.52,730510.0,
2010-05-13,JKHY,NASDAQ,25.36,25.56,25.21,25.3,542769.0,
2010-05-14,JKHY,NASDAQ,25.25,25.48,24.83,25.07,413166.0,
2010-05-17,JKHY,NASDAQ,25.23,25.52,24.58,25.09,509555.0,
2010-05-18,JKHY,NASDAQ,25.25,25.51,24.65,24.74,493962.0,
2010-05-19,JKHY,NASDAQ,24.7,24.95,24.37,24.67,452118.0,
2010-05-20,JKHY,NASDAQ,24.36,24.4,23.4,23.45,676765.0,
2010-05-21,JKHY,NASDAQ,23.25,23.68,22.86,23.62,688356.0,
2010-05-24,JKHY,NASDAQ,23.49,23.61,23.24,23.3,345994.0,
2010-05-25,JKHY,NASDAQ,22.85,23.36,22.65,23.28,580137.0,
2010-05-26,JKHY,NASDAQ,23.37,23.99,23.3,23.56,666339.0,
2010-05-27,JKHY,NASDAQ,24.02,24.5,23.94,24.23,375648.0,
2010-05-28,JKHY,NASDAQ,24.25,24.4495,23.8221,24.04,482022.0,
2010-06-01,JKHY,NASDAQ,24.0,24.11,23.55,23.55,460668.0,
2010-06-02,JKHY,NASDAQ,23.73,24.131,23.26,24.13,399305.0,
2010-06-03,JKHY,NASDAQ,24.02,24.34,23.97,24.27,390194.0,
2010-06-04,JKHY,NASDAQ,23.77,24.31,23.28,23.32,593283.0,
2010-06-07,JKHY,NASDAQ,23.32,23.49,22.91,22.94,399722.0,
2010-06-08,JKHY,NASDAQ,22.9,23.03,22.55,23.01,444219.0,
2010-06-09,JKHY,NASDAQ,23.21,23.41,22.99,23.06,372222.0,
2010-06-10,JKHY,NASDAQ,23.43,23.72,23.15,23.71,335209.0,
2010-06-11,JKHY,NASDAQ,23.38,24.06,23.38,24.06,335326.0,
2010-06-14,JKHY,NASDAQ,24.35,24.5481,24.2,24.32,481214.0,
2010-06-15,JKHY,NASDAQ,24.55,25.0,24.37,24.97,496148.0,
2010-06-16,JKHY,NASDAQ,24.8,25.17,24.77,24.98,373431.0,
2010-06-17,JKHY,NASDAQ,25.0,25.2,24.9,25.17,324589.0,
2010-06-18,JKHY,NASDAQ,25.22,25.44,25.17,25.28,670896.0,
2010-06-21,JKHY,NASDAQ,25.47,25.5,24.7,24.79,554095.0,
2010-06-22,JKHY,NASDAQ,24.9,25.31,24.64,24.66,586856.0,
2010-06-23,JKHY,NASDAQ,24.59,24.76,24.39,24.52,442224.0,
2010-06-24,JKHY,NASDAQ,24.32,24.59,24.18,24.38,388860.0,
2010-06-25,JKHY,NASDAQ,24.51,24.93,24.28,24.73,913295.0,
2010-06-28,JKHY,NASDAQ,24.84,25.34,24.57,25.11,511198.0,
2010-06-29,JKHY,NASDAQ,24.83,25.02,24.13,24.25,742067.0,
2010-06-30,JKHY,NASDAQ,24.28,24.49,23.875,23.88,607543.0,
2010-07-01,JKHY,NASDAQ,24.0,24.16,23.19,23.57,733591.0,
2010-07-02,JKHY,NASDAQ,23.75,23.75,23.34,23.54,310532.0,
2010-07-06,JKHY,NASDAQ,23.88,23.99,23.29,23.48,607550.0,
2010-07-07,JKHY,NASDAQ,23.61,24.18,23.55,24.16,435142.0,
2010-07-08,JKHY,NASDAQ,24.44,24.51,24.09,24.35,343489.0,
2010-07-09,JKHY,NASDAQ,24.39,24.452,24.15,24.4,324452.0,
2010-07-12,JKHY,NASDAQ,24.28,24.59,24.21,24.52,331660.0,
2010-07-13,JKHY,NASDAQ,24.83,25.14,24.64,25.06,367183.0,
2010-07-14,JKHY,NASDAQ,24.95,25.14,24.82,25.01,274344.0,
2010-07-15,JKHY,NASDAQ,24.96,24.98,24.5,24.87,410625.0,
2010-07-16,JKHY,NASDAQ,24.68,24.84,24.01,24.03,463581.0,
2010-07-19,JKHY,NASDAQ,24.15,24.42,24.02,24.28,291245.0,
2010-07-20,JKHY,NASDAQ,23.98,24.84,23.93,24.81,468278.0,
2010-07-21,JKHY,NASDAQ,25.03,25.03,24.4,24.43,436937.0,
2010-07-22,JKHY,NASDAQ,24.76,25.36,24.73,25.28,619094.0,
2010-07-23,JKHY,NASDAQ,25.14,25.79,25.03,25.71,466270.0,
2010-07-26,JKHY,NASDAQ,25.84,26.2,25.68,26.05,431026.0,
2010-07-27,JKHY,NASDAQ,26.15,26.3,25.8301,25.9,444727.0,
2010-07-28,JKHY,NASDAQ,25.8,26.01,25.31,25.36,484463.0,
2010-07-29,JKHY,NASDAQ,25.6,25.6,24.964,25.39,402652.0,
2010-07-30,JKHY,NASDAQ,25.12,25.52,24.89,25.4,406246.0,
2010-08-02,JKHY,NASDAQ,25.83,25.89,25.38,25.66,482631.0,
2010-08-03,JKHY,NASDAQ,25.5,25.89,25.313,25.72,465972.0,
2010-08-04,JKHY,NASDAQ,25.75,26.0,25.68,25.99,323673.0,
2010-08-05,JKHY,NASDAQ,25.78,25.96,25.68,25.73,193249.0,
2010-08-06,JKHY,NASDAQ,25.51,25.7101,25.0,25.69,272354.0,
2010-08-09,JKHY,NASDAQ,25.88,25.91,25.73,25.83,365651.0,
2010-08-10,JKHY,NASDAQ,25.49,25.71,25.15,25.42,277635.0,
2010-08-11,JKHY,NASDAQ,24.98,25.29,24.48,24.62,414052.0,
2010-08-12,JKHY,NASDAQ,24.18,24.51,24.0,24.23,500662.0,
2010-08-13,JKHY,NASDAQ,24.09,24.38,23.98,24.18,361657.0,
2010-08-16,JKHY,NASDAQ,24.01,24.35,23.785,24.08,331341.0,
2010-08-17,JKHY,NASDAQ,24.24,24.79,24.01,24.47,341592.0,
2010-08-18,JKHY,NASDAQ,24.37,25.26,23.64,24.63,593428.0,
2010-08-19,JKHY,NASDAQ,24.42,24.93,23.91,24.1,533937.0,
2010-08-20,JKHY,NASDAQ,23.97,24.34,23.55,24.05,440126.0,
2010-08-23,JKHY,NASDAQ,24.25,24.25,23.86,23.875,398258.0,
2010-08-24,JKHY,NASDAQ,23.65,23.87,23.34,23.66,378788.0,
2010-08-25,JKHY,NASDAQ,23.48,24.03,23.34,23.99,489097.0,
2010-08-26,JKHY,NASDAQ,24.0,24.19,23.75,23.8,281927.0,
2010-08-27,JKHY,NASDAQ,24.09,24.39,23.54,24.37,407719.0,
2010-08-30,JKHY,NASDAQ,24.21,24.35,23.78,23.78,378054.0,
2010-08-31,JKHY,NASDAQ,23.73,23.82,23.46,23.53,730116.0,
2010-09-01,JKHY,NASDAQ,23.93,24.35,23.87,24.32,458707.0,
2010-09-02,JKHY,NASDAQ,24.19,24.27,23.96,24.22,370190.0,
2010-09-03,JKHY,NASDAQ,24.48,24.86,24.26,24.64,316162.0,
2010-09-07,JKHY,NASDAQ,24.61,24.69,24.14,24.17,389262.0,
2010-09-08,JKHY,NASDAQ,24.19,24.47,24.08,24.34,304891.0,
2010-09-09,JKHY,NASDAQ,24.68,24.68,24.17,24.37,259484.0,
2010-09-10,JKHY,NASDAQ,24.49,24.645,24.23,24.48,377213.0,
2010-09-13,JKHY,NASDAQ,24.65,25.24,24.49,25.19,584257.0,
2010-09-14,JKHY,NASDAQ,25.18,25.2301,24.94,25.06,325925.0,
2010-09-15,JKHY,NASDAQ,24.91,25.44,24.87,25.3,320894.0,
2010-09-16,JKHY,NASDAQ,25.18,25.44,25.14,25.3725,387439.0,
2010-09-17,JKHY,NASDAQ,25.56,25.61,25.17,25.5,628144.0,
2010-09-20,JKHY,NASDAQ,25.51,26.08,25.424,26.05,500685.0,
2010-09-21,JKHY,NASDAQ,25.95,26.04,25.7115,25.88,528374.0,
2010-09-22,JKHY,NASDAQ,25.86,25.97,25.45,25.64,417449.0,
2010-09-23,JKHY,NASDAQ,25.45,25.81,25.28,25.3,383554.0,
2010-09-24,JKHY,NASDAQ,25.66,25.9155,25.57,25.86,565896.0,
2010-09-27,JKHY,NASDAQ,25.8,25.8,25.22,25.33,595947.0,
2010-09-28,JKHY,NASDAQ,25.36,25.5406,24.88,25.49,483319.0,
2010-09-29,JKHY,NASDAQ,25.32,25.579,25.16,25.41,474384.0,
2010-09-30,JKHY,NASDAQ,25.67,25.91,25.34,25.5,677096.0,
2010-10-01,JKHY,NASDAQ,25.7,25.74,25.35,25.66,339728.0,
2010-10-04,JKHY,NASDAQ,25.53,25.9,25.42,25.53,515056.0,
2010-10-05,JKHY,NASDAQ,25.73,26.22,25.63,26.02,623581.0,
2010-10-06,JKHY,NASDAQ,25.94,26.09,25.71,25.81,347257.0,
2010-10-07,JKHY,NASDAQ,26.0,26.05,25.7295,25.87,518345.0,
2010-10-08,JKHY,NASDAQ,25.87,26.07,25.63,25.96,345434.0,
2010-10-11,JKHY,NASDAQ,25.87,26.17,25.83,26.01,163269.0,
2010-10-12,JKHY,NASDAQ,25.88,26.09,25.66,26.02,293654.0,
2010-10-13,JKHY,NASDAQ,26.09,26.47,26.02,26.33,476980.0,
2010-10-14,JKHY,NASDAQ,26.33,26.58,26.2,26.36,311415.0,
2010-10-15,JKHY,NASDAQ,26.61,26.66,26.28,26.46,504195.0,
2010-10-18,JKHY,NASDAQ,26.55,26.63,26.34,26.45,281826.0,
2010-10-19,JKHY,NASDAQ,26.05,26.53,25.96,26.19,414188.0,
2010-10-20,JKHY,NASDAQ,26.35,26.69,26.25,26.47,282821.0,
2010-10-21,JKHY,NASDAQ,26.62,26.79,26.21,26.45,435769.0,
2010-10-22,JKHY,NASDAQ,26.46,26.7,26.41,26.55,334164.0,
2010-10-25,JKHY,NASDAQ,26.63,27.0,26.62,26.93,288325.0,
2010-10-26,JKHY,NASDAQ,26.81,27.15,26.64,26.96,438188.0,
2010-10-27,JKHY,NASDAQ,26.76,27.02,26.64,27.0,352657.0,
2010-10-28,JKHY,NASDAQ,27.18,27.21,26.88,27.03,309677.0,
2010-10-29,JKHY,NASDAQ,27.04,27.25,26.89,27.16,303189.0,
2010-11-01,JKHY,NASDAQ,27.29,27.5,27.0,27.22,464008.0,
2010-11-02,JKHY,NASDAQ,27.54,27.92,27.11,27.43,768898.0,
2010-11-03,JKHY,NASDAQ,26.61,27.99,26.61,27.8,630537.0,
2010-11-04,JKHY,NASDAQ,28.0,28.57,27.835,28.08,800256.0,
2010-11-05,JKHY,NASDAQ,28.21,28.23,27.96,28.04,391149.0,
2010-11-08,JKHY,NASDAQ,28.07,28.11,27.88,27.98,338754.0,
2010-11-09,JKHY,NASDAQ,27.9,28.15,27.88,27.99,541451.0,
2010-11-10,JKHY,NASDAQ,28.03,28.09,27.79,28.09,693723.0,
2010-11-11,JKHY,NASDAQ,27.8,28.04,27.66,27.92,349850.0,
2010-11-12,JKHY,NASDAQ,27.64,27.96,27.51,27.61,434366.0,
2010-11-15,JKHY,NASDAQ,27.83,28.17,27.49,27.9,552011.0,
2010-11-16,JKHY,NASDAQ,27.69,27.74,27.18,27.39,506903.0,
2010-11-17,JKHY,NASDAQ,27.51,27.51,27.23,27.38,315926.0,
2010-11-18,JKHY,NASDAQ,27.75,28.0,27.54,27.88,243071.0,
2010-11-19,JKHY,NASDAQ,27.94,27.99,27.72,27.94,391764.0,
2010-11-22,JKHY,NASDAQ,27.86,28.18,27.68,28.14,327752.0,
2010-11-23,JKHY,NASDAQ,27.51,27.67,27.06,27.44,595367.0,
2010-11-24,JKHY,NASDAQ,27.55,27.97,27.55,27.93,375669.0,
2010-11-26,JKHY,NASDAQ,27.76,27.97,27.69,27.84,130224.0,
2010-11-29,JKHY,NASDAQ,27.63,27.87,27.18,27.79,300757.0,
2010-11-30,JKHY,NASDAQ,27.46,27.49,27.165,27.34,506507.0,
2010-12-01,JKHY,NASDAQ,27.85,28.27,27.73,28.25,438820.0,
2010-12-02,JKHY,NASDAQ,28.27,28.64,28.2,28.61,475660.0,
2010-12-03,JKHY,NASDAQ,28.5,28.64,28.3,28.44,556593.0,
2010-12-06,JKHY,NASDAQ,28.49,28.76,28.4,28.58,480362.0,
2010-12-07,JKHY,NASDAQ,28.9,28.98,28.63,28.75,332710.0,
2010-12-08,JKHY,NASDAQ,28.9,29.0,28.7,28.95,332964.0,
2010-12-09,JKHY,NASDAQ,29.0,29.06,28.785,29.01,378693.0,
2010-12-10,JKHY,NASDAQ,29.0,29.39,28.94,29.31,348035.0,
2010-12-13,JKHY,NASDAQ,29.49,29.59,29.13,29.29,432921.0,
2010-12-14,JKHY,NASDAQ,29.45,29.8,29.25,29.54,371363.0,
2010-12-15,JKHY,NASDAQ,29.53,29.81,29.32,29.46,430177.0,
2010-12-16,JKHY,NASDAQ,29.41,29.97,29.27,29.81,411609.0,
2010-12-17,JKHY,NASDAQ,29.85,29.86,29.38,29.65,1352245.0,
2010-12-20,JKHY,NASDAQ,29.68,29.68,29.31,29.42,359905.0,
2010-12-21,JKHY,NASDAQ,29.64,29.67,29.43,29.58,317037.0,
2010-12-22,JKHY,NASDAQ,29.55,29.74,29.465,29.49,266796.0,
2010-12-23,JKHY,NASDAQ,29.5,29.72,29.39,29.455,219671.0,
2010-12-27,JKHY,NASDAQ,29.44,29.56,29.19,29.52,113030.0,
2010-12-28,JKHY,NASDAQ,29.51,29.535,29.29,29.51,180236.0,
2010-12-29,JKHY,NASDAQ,29.45,29.56,29.28,29.45,151530.0,
2010-12-30,JKHY,NASDAQ,29.4,29.65,29.272,29.39,196634.0,
2010-12-31,JKHY,NASDAQ,29.3,29.5,29.15,29.15,300202.0,
2011-01-03,JKHY,NASDAQ,29.35,29.81,29.31,29.7,380430.0,
2011-01-04,JKHY,NASDAQ,29.75,29.75,29.1,29.3,408628.0,
2011-01-05,JKHY,NASDAQ,29.29,29.55,29.16,29.5,279487.0,
2011-01-06,JKHY,NASDAQ,29.48,29.48,29.23,29.35,425741.0,
2011-01-07,JKHY,NASDAQ,29.52,29.67,28.96,29.42,397415.0,
2011-01-10,JKHY,NASDAQ,29.36,29.57,28.97,29.51,363572.0,
2011-01-11,JKHY,NASDAQ,29.68,29.86,29.57,29.64,200230.0,
2011-01-12,JKHY,NASDAQ,29.89,29.89,29.57,29.68,250802.0,
2011-01-13,JKHY,NASDAQ,29.77,29.77,29.51,29.68,194662.0,
2011-01-14,JKHY,NASDAQ,29.48,30.64,29.46,30.6,763770.0,
2011-01-18,JKHY,NASDAQ,30.33,31.12,30.25,31.07,745142.0,
2011-01-19,JKHY,NASDAQ,30.95,31.04,30.5,30.55,428756.0,
2011-01-20,JKHY,NASDAQ,30.33,30.61,30.13,30.23,345680.0,
2011-01-21,JKHY,NASDAQ,30.31,30.52,30.021,30.08,406547.0,
2011-01-24,JKHY,NASDAQ,30.06,30.34,30.05,30.19,523015.0,
2011-01-25,JKHY,NASDAQ,30.12,30.17,29.75,30.15,852167.0,
2011-01-26,JKHY,NASDAQ,29.25,30.5,29.25,30.2,767250.0,
2011-01-27,JKHY,NASDAQ,30.31,30.3802,29.94,30.25,509593.0,
2011-01-28,JKHY,NASDAQ,30.18,30.22,29.29,29.44,519108.0,
2011-01-31,JKHY,NASDAQ,29.49,29.76,29.251,29.56,477538.0,
2011-02-01,JKHY,NASDAQ,29.7,29.92,29.27,29.77,867129.0,
2011-02-02,JKHY,NASDAQ,29.82,31.33,29.82,30.88,948973.0,
2011-02-03,JKHY,NASDAQ,30.8,31.49,30.72,30.81,703441.0,
2011-02-04,JKHY,NASDAQ,29.99,30.79,29.99,30.74,557316.0,
2011-02-07,JKHY,NASDAQ,30.7,31.33,30.6,31.12,687439.0,
2011-02-08,JKHY,NASDAQ,31.16,31.25,30.94,31.1625,515809.0,
2011-02-09,JKHY,NASDAQ,31.0,31.22,30.86,31.11,504237.0,
2011-02-10,JKHY,NASDAQ,31.08,31.55,30.83,31.49,559121.0,
2011-02-11,JKHY,NASDAQ,31.36,31.7,31.2,31.64,527088.0,
2011-02-14,JKHY,NASDAQ,31.58,31.78,31.48,31.77,365308.0,
2011-02-15,JKHY,NASDAQ,31.71,31.79,31.64,31.75,388873.0,
2011-02-16,JKHY,NASDAQ,31.85,32.13,31.75,32.07,552446.0,
2011-02-17,JKHY,NASDAQ,31.83,32.23,31.83,32.2,338390.0,
2011-02-18,JKHY,NASDAQ,32.36,32.45,32.04,32.29,571816.0,
2011-02-22,JKHY,NASDAQ,31.98,32.26,31.53,31.6,404978.0,
2011-02-23,JKHY,NASDAQ,31.6,31.73,31.11,31.14,513218.0,
2011-02-24,JKHY,NASDAQ,31.27,31.39,30.77,31.23,493746.0,
2011-02-25,JKHY,NASDAQ,31.25,31.78,31.22,31.78,316984.0,
2011-02-28,JKHY,NASDAQ,32.05,32.08,31.63,31.91,326357.0,
2011-03-01,JKHY,NASDAQ,32.13,32.17,31.53,31.74,981977.0,
2011-03-02,JKHY,NASDAQ,31.6,31.92,31.38,31.73,319806.0,
2011-03-03,JKHY,NASDAQ,31.95,32.55,31.93,32.49,360396.0,
2011-03-04,JKHY,NASDAQ,32.45,32.54,32.25,32.46,344354.0,
2011-03-07,JKHY,NASDAQ,32.58,32.65,31.65,31.97,438480.0,
2011-03-08,JKHY,NASDAQ,31.94,32.71,31.59,32.445,366319.0,
2011-03-09,JKHY,NASDAQ,32.46,32.52,32.11,32.31,370391.0,
2011-03-10,JKHY,NASDAQ,31.8,32.13,31.24,31.42,413905.0,
2011-03-11,JKHY,NASDAQ,31.47,31.85,31.161,31.7,543616.0,
2011-03-14,JKHY,NASDAQ,31.36,31.71,31.0419,31.46,274634.0,
2011-03-15,JKHY,NASDAQ,30.73,31.38,30.66,31.13,331979.0,
2011-03-16,JKHY,NASDAQ,30.99,31.41,30.5221,30.8,549092.0,
2011-03-17,JKHY,NASDAQ,31.15,31.52,30.89,31.0,320609.0,
2011-03-18,JKHY,NASDAQ,31.2,31.65,30.9515,31.12,973840.0,
2011-03-21,JKHY,NASDAQ,31.43,32.28,31.35,31.88,475113.0,
2011-03-22,JKHY,NASDAQ,31.98,32.1,31.67,31.79,243770.0,
2011-03-23,JKHY,NASDAQ,31.69,31.89,31.34,31.82,388210.0,
2011-03-24,JKHY,NASDAQ,32.0,32.29,31.74,32.15,419218.0,
2011-03-25,JKHY,NASDAQ,32.3,32.99,32.24,32.56,370728.0,
2011-03-28,JKHY,NASDAQ,32.57,32.79,32.47,32.64,322934.0,
2011-03-29,JKHY,NASDAQ,32.46,33.0,32.42,32.96,364571.0,
2011-03-30,JKHY,NASDAQ,33.08,33.76,33.02,33.74,384593.0,
2011-03-31,JKHY,NASDAQ,33.71,33.94,33.44,33.89,389156.0,
2011-04-01,JKHY,NASDAQ,33.89,34.07,33.41,33.75,703801.0,
2011-04-04,JKHY,NASDAQ,33.75,33.88,33.5,33.62,605928.0,
2011-04-05,JKHY,NASDAQ,33.44,33.8628,33.44,33.77,461994.0,
2011-04-06,JKHY,NASDAQ,33.9,34.17,33.64,33.99,242337.0,
2011-04-07,JKHY,NASDAQ,33.95,33.95,33.57,33.8,652962.0,
2011-04-08,JKHY,NASDAQ,34.0,34.0,33.46,33.66,649240.0,
2011-04-11,JKHY,NASDAQ,33.63,33.86,33.37,33.5,426062.0,
2011-04-12,JKHY,NASDAQ,33.31,33.31,32.91,32.96,577539.0,
2011-04-13,JKHY,NASDAQ,33.24,33.4,32.98,33.28,666666.0,
2011-04-14,JKHY,NASDAQ,32.92,33.3,32.64,33.18,418522.0,
2011-04-15,JKHY,NASDAQ,33.02,33.56,32.96,33.52,401437.0,
2011-04-18,JKHY,NASDAQ,33.2,33.2,32.65,33.09,442554.0,
2011-04-19,JKHY,NASDAQ,33.28,33.28,32.835,33.09,319748.0,
2011-04-20,JKHY,NASDAQ,33.45,33.72,33.41,33.69,418660.0,
2011-04-21,JKHY,NASDAQ,34.0,34.0,33.5,33.72,384984.0,
2011-04-25,JKHY,NASDAQ,33.56,33.75,33.44,33.63,386490.0,
2011-04-26,JKHY,NASDAQ,33.71,33.85,33.5,33.62,1055842.0,
2011-04-27,JKHY,NASDAQ,33.6,33.77,33.56,33.75,562563.0,
2011-04-28,JKHY,NASDAQ,33.7,34.0,33.53,33.95,552706.0,
2011-04-29,JKHY,NASDAQ,34.0,34.06,33.75,33.97,375605.0,
2011-05-02,JKHY,NASDAQ,34.13,34.13,33.56,33.7,520895.0,
2011-05-03,JKHY,NASDAQ,33.51,33.71,33.08,33.39,483195.0,
2011-05-04,JKHY,NASDAQ,32.0,32.0,30.95,31.7,1295487.0,
2011-05-05,JKHY,NASDAQ,31.38,31.87,31.28,31.57,642067.0,
2011-05-06,JKHY,NASDAQ,31.9,31.94,31.34,31.48,439295.0,
2011-05-09,JKHY,NASDAQ,31.4,31.61,31.14,31.59,446733.0,
2011-05-10,JKHY,NASDAQ,31.83,32.07,31.69,32.04,696172.0,
2011-05-11,JKHY,NASDAQ,32.08,32.23,31.54,31.76,475632.0,
2011-05-12,JKHY,NASDAQ,31.68,32.18,31.57,32.07,429408.0,
2011-05-13,JKHY,NASDAQ,32.12,32.12,31.51,31.585,273174.0,
2011-05-16,JKHY,NASDAQ,31.38,31.71,31.27,31.28,467050.0,
2011-05-17,JKHY,NASDAQ,31.25,31.33,30.8,31.0,504921.0,
2011-05-18,JKHY,NASDAQ,30.9,31.31,30.68,31.16,394204.0,
2011-05-19,JKHY,NASDAQ,31.42,31.58,31.01,31.11,432991.0,
2011-05-20,JKHY,NASDAQ,30.91,31.11,30.6406,30.79,634972.0,
2011-05-23,JKHY,NASDAQ,30.32,30.47,30.0001,30.25,564997.0,
2011-05-24,JKHY,NASDAQ,30.44,30.44,29.98,30.05,320994.0,
2011-05-25,JKHY,NASDAQ,30.11,30.33,29.97,30.23,437094.0,
2011-05-26,JKHY,NASDAQ,30.19,30.67,29.98,30.6,362318.0,
2011-05-27,JKHY,NASDAQ,30.74,30.9491,30.6,30.68,252606.0,
2011-05-31,JKHY,NASDAQ,30.86,31.28,30.7,31.24,810161.0,
2011-06-01,JKHY,NASDAQ,31.66,31.66,30.22,30.28,719125.0,
2011-06-02,JKHY,NASDAQ,30.32,30.55,30.18,30.34,338798.0,
2011-06-03,JKHY,NASDAQ,29.84,30.22,29.46,29.76,1134920.0,
2011-06-06,JKHY,NASDAQ,29.91,29.98,29.55,29.58,374505.0,
2011-06-07,JKHY,NASDAQ,29.77,29.89,29.37,29.55,262445.0,
2011-06-08,JKHY,NASDAQ,29.39,29.5,29.12,29.14,531325.0,
2011-06-09,JKHY,NASDAQ,29.18,29.49,29.0,29.33,280854.0,
2011-06-10,JKHY,NASDAQ,29.09,29.29,28.89,29.0,575291.0,
2011-06-13,JKHY,NASDAQ,29.03,29.35,28.97,29.01,294573.0,
2011-06-14,JKHY,NASDAQ,29.25,29.48,29.12,29.41,228075.0,
2011-06-15,JKHY,NASDAQ,29.04,29.3,28.85,28.87,325161.0,
2011-06-16,JKHY,NASDAQ,28.95,29.11,28.5799,28.96,270760.0,
2011-06-17,JKHY,NASDAQ,29.12,29.3,28.75,28.83,567454.0,
2011-06-20,JKHY,NASDAQ,28.71,29.21,28.45,29.1,295497.0,
2011-06-21,JKHY,NASDAQ,29.27,29.86,29.06,29.75,359015.0,
2011-06-22,JKHY,NASDAQ,29.53,29.71,29.34,29.37,329201.0,
2011-06-23,JKHY,NASDAQ,29.0,29.54,28.59,29.46,405058.0,
2011-06-24,JKHY,NASDAQ,29.46,29.58,29.1,29.29,345793.0,
2011-06-27,JKHY,NASDAQ,29.22,29.72,28.95,29.58,465925.0,
2011-06-28,JKHY,NASDAQ,29.6,29.85,29.53,29.85,354843.0,
2011-06-29,JKHY,NASDAQ,29.89,29.96,29.7,29.9,409568.0,
2011-06-30,JKHY,NASDAQ,29.93,30.17,29.78,30.01,420113.0,
2011-07-01,JKHY,NASDAQ,30.12,30.5,30.0,30.43,499624.0,
2011-07-05,JKHY,NASDAQ,30.34,30.51,30.21,30.5,405880.0,
2011-07-06,JKHY,NASDAQ,30.4,30.77,30.27,30.75,400494.0,
2011-07-07,JKHY,NASDAQ,30.98,31.15,30.72,31.05,317881.0,
2011-07-08,JKHY,NASDAQ,30.59,30.88,30.38,30.86,408042.0,
2011-07-11,JKHY,NASDAQ,30.43,30.6697,30.37,30.52,465036.0,
2011-07-12,JKHY,NASDAQ,30.32,30.64,30.32,30.45,350699.0,
2011-07-13,JKHY,NASDAQ,30.5,30.9264,30.5,30.61,599600.0,
2011-07-14,JKHY,NASDAQ,30.62,30.89,30.21,30.25,467634.0,
2011-07-15,JKHY,NASDAQ,30.3,30.47,30.12,30.28,423448.0,
2011-07-18,JKHY,NASDAQ,30.03,30.27,29.47,29.54,629728.0,
2011-07-19,JKHY,NASDAQ,29.8,30.34,29.5356,30.33,450146.0,
2011-07-20,JKHY,NASDAQ,30.34,30.38,29.98,30.17,310647.0,
2011-07-21,JKHY,NASDAQ,30.33,30.61,30.19,30.52,404225.0,
2011-07-22,JKHY,NASDAQ,30.54,30.68,30.25,30.3,305152.0,
2011-07-25,JKHY,NASDAQ,30.11,30.43,30.02,30.14,497539.0,
2011-07-26,JKHY,NASDAQ,30.26,30.26,29.57,29.6,486717.0,
2011-07-27,JKHY,NASDAQ,29.39,29.57,29.1,29.13,623833.0,
2011-07-28,JKHY,NASDAQ,29.17,29.37,29.0,29.1,321719.0,
2011-07-29,JKHY,NASDAQ,28.84,29.23,28.52,28.95,416534.0,
2011-08-01,JKHY,NASDAQ,29.21,29.21,28.14,28.44,576063.0,
2011-08-02,JKHY,NASDAQ,28.27,28.5,27.16,27.17,700905.0,
2011-08-03,JKHY,NASDAQ,27.3,27.43,26.51,27.29,1016882.0,
2011-08-04,JKHY,NASDAQ,26.97,27.03,26.18,26.18,859411.0,
2011-08-05,JKHY,NASDAQ,26.43,26.7,25.53,26.41,1558395.0,
2011-08-08,JKHY,NASDAQ,25.79,26.33,24.64,24.64,1558475.0,
2011-08-09,JKHY,NASDAQ,25.23,26.48,24.41,26.48,1444282.0,
2011-08-10,JKHY,NASDAQ,25.76,25.93,24.73,24.78,1029548.0,
2011-08-11,JKHY,NASDAQ,25.11,27.09,25.05,26.78,1292166.0,
2011-08-12,JKHY,NASDAQ,27.11,27.38,26.72,27.13,890379.0,
2011-08-15,JKHY,NASDAQ,27.29,27.5,27.0,27.46,472918.0,
2011-08-16,JKHY,NASDAQ,27.27,27.73,26.94,27.57,985599.0,
2011-08-17,JKHY,NASDAQ,27.97,29.06,27.375,28.27,1741739.0,
2011-08-18,JKHY,NASDAQ,27.49,27.69,25.96,26.25,1317027.0,
2011-08-19,JKHY,NASDAQ,25.93,26.57,25.81,25.88,998163.0,
2011-08-22,JKHY,NASDAQ,26.69,26.75,26.135,26.37,923924.0,
2011-08-23,JKHY,NASDAQ,26.53,27.69,26.23,27.56,1157929.0,
2011-08-24,JKHY,NASDAQ,27.65,28.02,27.28,27.76,945746.0,
2011-08-25,JKHY,NASDAQ,28.06,28.08,27.36,27.58,957841.0,
2011-08-26,JKHY,NASDAQ,27.38,28.32,27.25,28.29,782657.0,
2011-08-29,JKHY,NASDAQ,28.6,29.17,28.2532,29.02,862708.0,
2011-08-30,JKHY,NASDAQ,28.76,29.4,28.76,29.12,1095323.0,
2011-08-31,JKHY,NASDAQ,29.41,29.52,28.98,29.24,1006665.0,
2011-09-01,JKHY,NASDAQ,29.4,29.59,28.94,29.03,903103.0,
2011-09-02,JKHY,NASDAQ,28.4,28.87,28.081,28.36,913964.0,
2011-09-06,JKHY,NASDAQ,27.38,28.17,27.22,28.1,1073932.0,
2011-09-07,JKHY,NASDAQ,28.27,28.96,28.21,28.95,683665.0,
2011-09-08,JKHY,NASDAQ,28.8,29.1,28.44,28.56,576250.0,
2011-09-09,JKHY,NASDAQ,28.3,28.57,27.71,27.99,907971.0,
2011-09-12,JKHY,NASDAQ,27.6,28.5,27.5,28.48,700423.0,
2011-09-13,JKHY,NASDAQ,28.52,29.12,28.31,28.99,961249.0,
2011-09-14,JKHY,NASDAQ,29.23,29.86,28.72,29.41,887983.0,
2011-09-15,JKHY,NASDAQ,29.57,29.74,29.03,29.49,719858.0,
2011-09-16,JKHY,NASDAQ,29.67,29.81,29.34,29.52,631926.0,
2011-09-19,JKHY,NASDAQ,28.88,29.76,28.87,29.53,650023.0,
2011-09-20,JKHY,NASDAQ,29.67,30.07,29.16,29.18,607313.0,
2011-09-21,JKHY,NASDAQ,29.25,29.6,28.92,28.93,814258.0,
2011-09-22,JKHY,NASDAQ,28.11,28.49,27.79,28.34,1093841.0,
2011-09-23,JKHY,NASDAQ,28.04,28.58,27.95,28.56,643408.0,
2011-09-26,JKHY,NASDAQ,28.69,29.19,28.15,29.17,605017.0,
2011-09-27,JKHY,NASDAQ,29.69,29.78,29.02,29.28,926681.0,
2011-09-28,JKHY,NASDAQ,29.44,29.615,28.3,28.33,616433.0,
2011-09-29,JKHY,NASDAQ,28.83,29.2,28.47,29.2,781744.0,
2011-09-30,JKHY,NASDAQ,28.83,29.44,28.69,28.98,924494.0,
2011-10-03,JKHY,NASDAQ,28.68,29.14,27.53,27.57,789187.0,
2011-10-04,JKHY,NASDAQ,27.33,28.95,27.33,28.93,916131.0,
2011-10-05,JKHY,NASDAQ,28.82,29.56,28.5801,29.45,599035.0,
2011-10-06,JKHY,NASDAQ,29.45,29.93,29.1606,29.91,614651.0,
2011-10-07,JKHY,NASDAQ,30.0,30.23,29.38,29.69,658938.0,
2011-10-10,JKHY,NASDAQ,30.29,30.57,29.95,30.38,542989.0,
2011-10-11,JKHY,NASDAQ,30.31,30.45,30.07,30.32,507169.0,
2011-10-12,JKHY,NASDAQ,30.64,31.11,30.53,30.81,450851.0,
2011-10-13,JKHY,NASDAQ,30.56,31.05,30.54,30.94,448571.0,
2011-10-14,JKHY,NASDAQ,31.36,31.58,31.05,31.51,404832.0,
2011-10-17,JKHY,NASDAQ,31.37,31.38,30.95,31.06,587013.0,4149.0
2011-10-18,JKHY,NASDAQ,31.05,31.53,30.61,31.3,1065461.0,5524.0
2011-10-19,JKHY,NASDAQ,31.18,31.54,30.62,30.76,600768.0,4231.0
2011-10-20,JKHY,NASDAQ,30.7,31.29,30.48,31.13,545532.0,3652.0
2011-10-21,JKHY,NASDAQ,31.62,31.84,31.35,31.81,401877.0,2306.0
2011-10-24,JKHY,NASDAQ,31.94,32.66,31.8712,32.47,411665.0,2639.0
2011-10-25,JKHY,NASDAQ,32.35,32.49,31.72,31.81,392312.0,2582.0
2011-10-26,JKHY,NASDAQ,32.26,32.26,31.39,31.99,540401.0,3680.0
2011-10-27,JKHY,NASDAQ,32.8,33.73,32.59,33.51,1158479.0,7158.0
2011-10-28,JKHY,NASDAQ,33.57,33.6,32.95,33.19,618245.0,3680.0
2011-10-31,JKHY,NASDAQ,32.8,33.06,32.339,32.41,628580.0,4389.0
2011-11-01,JKHY,NASDAQ,31.32,32.13,30.72,30.83,984996.0,6736.0
2011-11-02,JKHY,NASDAQ,31.38,31.68,30.53,31.61,810786.0,5114.0
2011-11-03,JKHY,NASDAQ,32.0,33.06,31.74,32.99,873132.0,6337.0
2011-11-04,JKHY,NASDAQ,32.57,32.7982,32.25,32.68,401951.0,2925.0
2011-11-07,JKHY,NASDAQ,32.73,33.1,32.29,32.95,488892.0,4065.0
2011-11-08,JKHY,NASDAQ,33.19,33.33,32.48,33.28,503678.0,3709.0
2011-11-09,JKHY,NASDAQ,32.45,32.81,32.1,32.12,727953.0,5262.0
2011-11-10,JKHY,NASDAQ,32.47,32.715,32.11,32.63,761269.0,5550.0
2011-11-11,JKHY,NASDAQ,33.1,33.6,32.8,33.51,413934.0,2887.0
2011-11-14,JKHY,NASDAQ,33.49,33.49,32.81,33.06,284702.0,1783.0
2011-11-15,JKHY,NASDAQ,32.93,33.53,32.72,33.41,447127.0,2700.0
2011-11-16,JKHY,NASDAQ,33.17,33.4,32.76,32.93,443267.0,3021.0
2011-11-17,JKHY,NASDAQ,32.96,32.9901,32.3,32.44,526141.0,3971.0
2011-11-18,JKHY,NASDAQ,32.43,32.605,32.09,32.27,421804.0,3153.0
2011-11-21,JKHY,NASDAQ,31.81,31.96,31.45,31.57,579371.0,4068.0
2011-11-22,JKHY,NASDAQ,31.6,31.84,31.37,31.4,350296.0,2605.0
2011-11-23,JKHY,NASDAQ,31.25,31.25,30.4245,30.54,392896.0,2775.0
2011-11-25,JKHY,NASDAQ,30.54,30.76,30.27,30.45,231611.0,1743.0
2011-11-28,JKHY,NASDAQ,31.35,31.7,30.99,31.68,394048.0,2520.0
2011-11-29,JKHY,NASDAQ,31.64,31.91,31.46,31.74,367232.0,2142.0
2011-11-30,JKHY,NASDAQ,32.84,33.21,31.23,33.21,728671.0,3322.0
2011-12-01,JKHY,NASDAQ,33.2,33.39,32.87,32.87,489524.0,2929.0
2011-12-02,JKHY,NASDAQ,33.26,33.38,32.85,32.92,377164.0,2661.0
2011-12-05,JKHY,NASDAQ,33.38,33.7899,32.97,33.07,465156.0,2977.0
2011-12-06,JKHY,NASDAQ,33.05,33.45,32.8,33.25,363655.0,2457.0
2011-12-07,JKHY,NASDAQ,33.02,33.66,32.65,33.46,530950.0,3744.0
2011-12-08,JKHY,NASDAQ,33.21,33.33,32.73,32.77,361237.0,2522.0
2011-12-09,JKHY,NASDAQ,32.91,33.97,32.7,33.8,389455.0,2610.0
2011-12-12,JKHY,NASDAQ,33.47,33.47,32.79,33.17,313249.0,2230.0
2011-12-13,JKHY,NASDAQ,33.45,33.7,32.5,32.65,379245.0,2808.0
2011-12-14,JKHY,NASDAQ,32.49,32.66,32.1,32.61,586716.0,4063.0
2011-12-15,JKHY,NASDAQ,32.88,33.05,32.52,32.9,368004.0,2751.0
2011-12-16,JKHY,NASDAQ,33.09,33.64,32.9258,33.42,978381.0,3867.0
2011-12-19,JKHY,NASDAQ,33.67,33.73,32.81,32.89,378737.0,2743.0
2011-12-20,JKHY,NASDAQ,33.48,34.06,33.42,34.0,541194.0,3553.0
2011-12-21,JKHY,NASDAQ,33.96,33.96,33.14,33.68,393535.0,3129.0
2011-12-22,JKHY,NASDAQ,33.8,34.13,33.68,33.85,339270.0,2762.0
2011-12-23,JKHY,NASDAQ,34.04,34.06,33.8,34.02,247454.0,1854.0
2011-12-27,JKHY,NASDAQ,33.97,34.44,33.9,34.21,228173.0,1449.0
2011-12-28,JKHY,NASDAQ,34.3,34.5,33.59,33.62,294333.0,2051.0
2011-12-29,JKHY,NASDAQ,33.85,34.05,33.68,33.89,396363.0,2541.0
2011-12-30,JKHY,NASDAQ,34.02,34.1284,33.57,33.61,311533.0,1873.0
2012-01-03,JKHY,NASDAQ,34.44,34.49,33.68,33.84,449414.0,3350.0
2012-01-04,JKHY,NASDAQ,33.52,33.6779,32.96,32.97,691276.0,5284.0
2012-01-05,JKHY,NASDAQ,32.68,33.02,32.45,32.94,619006.0,4843.0
2012-01-06,JKHY,NASDAQ,33.01,33.14,32.45,32.59,518117.0,3386.0
2012-01-09,JKHY,NASDAQ,32.64,33.0,32.11,32.76,695876.0,4706.0
2012-01-10,JKHY,NASDAQ,33.12,33.14,32.94,33.0,384966.0,2302.0
2012-01-11,JKHY,NASDAQ,32.79,33.14,32.61,33.09,406922.0,2816.0
2012-01-12,JKHY,NASDAQ,33.04,33.21,32.81,33.19,384502.0,2930.0
2012-01-13,JKHY,NASDAQ,32.78,32.95,32.395,32.79,434116.0,3010.0
2012-01-17,JKHY,NASDAQ,33.09,33.5,33.09,33.21,368739.0,2292.0
2012-01-18,JKHY,NASDAQ,33.29,33.88,33.15,33.63,382928.0,1960.0
2012-01-19,JKHY,NASDAQ,33.66,34.0,33.59,33.9,439115.0,2861.0
2012-01-20,JKHY,NASDAQ,33.8,34.0,33.655,33.92,408191.0,2555.0
2012-01-23,JKHY,NASDAQ,33.89,34.04,33.406,33.87,278283.0,1606.0
2012-01-24,JKHY,NASDAQ,33.67,34.34,33.6,34.2,235533.0,1359.0
2012-01-25,JKHY,NASDAQ,34.23,34.5,33.93,34.5,551816.0,2439.0
2012-01-26,JKHY,NASDAQ,34.66,34.67,34.22,34.41,303032.0,2025.0
2012-01-27,JKHY,NASDAQ,34.22,34.59,33.9,34.4,168429.0,1070.0
2012-01-30,JKHY,NASDAQ,34.1,34.545,33.92,34.3,394459.0,2941.0
2012-01-31,JKHY,NASDAQ,34.37,34.66,34.19,34.2,426913.0,2749.0
2012-02-01,JKHY,NASDAQ,34.21,34.59,33.77,34.54,730983.0,4157.0
2012-02-02,JKHY,NASDAQ,34.06,34.84,34.06,34.305,702990.0,3780.0
2012-02-03,JKHY,NASDAQ,34.86,35.37,34.64,35.19,458112.0,3022.0
2012-02-06,JKHY,NASDAQ,35.03,35.29,34.77,34.99,293780.0,1947.0
2012-02-07,JKHY,NASDAQ,34.84,35.07,34.79,35.02,286766.0,1606.0
2012-02-08,JKHY,NASDAQ,35.22,35.22,34.535,34.77,352513.0,2193.0
2012-02-09,JKHY,NASDAQ,34.83,35.09,34.64,34.84,321558.0,2282.0
2012-02-10,JKHY,NASDAQ,34.53,34.575,34.19,34.38,209851.0,1508.0
2012-02-13,JKHY,NASDAQ,34.76,34.76,34.1,34.71,303731.0,2158.0
2012-02-14,JKHY,NASDAQ,34.48,34.94,34.48,34.9,333274.0,2731.0
2012-02-15,JKHY,NASDAQ,35.0,35.0,34.31,34.44,409883.0,3097.0
2012-02-16,JKHY,NASDAQ,34.34,34.85,34.34,34.6,442277.0,2466.0
2012-02-17,JKHY,NASDAQ,34.67,34.67,33.82,33.91,474020.0,3148.0
2012-02-21,JKHY,NASDAQ,33.94,34.0,33.49,33.52,358939.0,2671.0
2012-02-22,JKHY,NASDAQ,33.49,33.62,33.28,33.39,409600.0,2890.0
2012-02-23,JKHY,NASDAQ,33.5,34.06,33.314,33.79,308570.0,1816.0
2012-02-24,JKHY,NASDAQ,33.81,34.09,33.44,33.62,964407.0,2762.0
2012-02-27,JKHY,NASDAQ,33.3,33.76,33.06,33.62,357385.0,2769.0
2012-02-28,JKHY,NASDAQ,33.68,33.97,33.53,33.76,328622.0,2564.0
2012-02-29,JKHY,NASDAQ,33.75,33.9802,33.4,33.74,630592.0,3474.0
2012-03-01,JKHY,NASDAQ,33.76,34.08,33.68,33.7,391967.0,3016.0
2012-03-02,JKHY,NASDAQ,33.63,33.74,33.3,33.47,399281.0,3150.0
2012-03-05,JKHY,NASDAQ,33.3,33.4,33.03,33.28,412543.0,2869.0
2012-03-06,JKHY,NASDAQ,32.93,33.1,32.76,32.98,405480.0,3134.0
2012-03-07,JKHY,NASDAQ,33.01,33.55,32.89,33.55,331758.0,2586.0
2012-03-08,JKHY,NASDAQ,33.83,33.9073,33.37,33.69,234534.0,1751.0
2012-03-09,JKHY,NASDAQ,33.66,34.13,33.55,33.69,459357.0,2844.0
2012-03-12,JKHY,NASDAQ,33.76,33.93,33.6,33.84,197370.0,1405.0
2012-03-13,JKHY,NASDAQ,34.13,34.51,33.82,34.5,271704.0,1787.0
2012-03-14,JKHY,NASDAQ,34.33,34.6,34.13,34.3,295291.0,2199.0
2012-03-15,JKHY,NASDAQ,34.24,34.48,34.02,34.15,439296.0,2636.0
2012-03-16,JKHY,NASDAQ,34.09,34.16,33.79,33.83,609030.0,2335.0
2012-03-19,JKHY,NASDAQ,33.75,34.31,33.6,33.93,345102.0,2542.0
2012-03-20,JKHY,NASDAQ,33.67,33.92,33.61,33.68,228090.0,1618.0
2012-03-21,JKHY,NASDAQ,33.75,34.09,33.53,34.02,299254.0,2037.0
2012-03-22,JKHY,NASDAQ,33.78,33.96,33.45,33.8,262371.0,1808.0
2012-03-23,JKHY,NASDAQ,33.77,34.0,33.55,33.93,195916.0,1248.0
2012-03-26,JKHY,NASDAQ,34.24,34.57,33.99,34.52,300175.0,1878.0
2012-03-27,JKHY,NASDAQ,34.46,34.71,34.22,34.52,300876.0,2263.0
2012-03-28,JKHY,NASDAQ,34.51,34.65,34.15,34.43,276909.0,1946.0
2012-03-29,JKHY,NASDAQ,34.32,34.47,34.04,34.22,287968.0,2176.0
2012-03-30,JKHY,NASDAQ,34.51,34.51,34.1,34.12,292145.0,1738.0
2012-04-02,JKHY,NASDAQ,34.06,34.48,33.83,34.36,278197.0,1944.0
2012-04-03,JKHY,NASDAQ,34.36,34.39,33.53,34.17,262293.0,1587.0
2012-04-04,JKHY,NASDAQ,33.81,33.86,33.506,33.78,401939.0,2662.0
2012-04-05,JKHY,NASDAQ,33.57,33.88,33.48,33.83,272128.0,2044.0
2012-04-09,JKHY,NASDAQ,33.29,33.53,33.16,33.23,690700.0,4168.0
2012-04-10,JKHY,NASDAQ,33.13,33.22,32.62,32.86,580292.0,3957.0
2012-04-11,JKHY,NASDAQ,33.16,33.387,32.9,33.33,321930.0,2137.0
2012-04-12,JKHY,NASDAQ,33.33,33.65,33.19,33.52,238284.0,1458.0
2012-04-13,JKHY,NASDAQ,33.33,33.38,32.94,32.94,247930.0,1847.0
2012-04-16,JKHY,NASDAQ,33.04,33.23,32.73,32.97,208668.0,1748.0
2012-04-17,JKHY,NASDAQ,33.09,33.76,33.05,33.63,283581.0,2013.0
2012-04-18,JKHY,NASDAQ,33.63,33.73,33.42,33.56,315001.0,1973.0
2012-04-19,JKHY,NASDAQ,33.44,33.75,32.91,33.1,260860.0,1926.0
2012-04-20,JKHY,NASDAQ,33.9,33.94,33.32,33.38,444391.0,2705.0
2012-04-23,JKHY,NASDAQ,33.05,33.25,32.73,33.16,372917.0,2602.0
2012-04-24,JKHY,NASDAQ,33.2,33.49,33.09,33.16,250865.0,1778.0
2012-04-25,JKHY,NASDAQ,33.66,34.01,33.39,33.8,330434.0,2528.0
2012-04-26,JKHY,NASDAQ,33.81,34.45,33.655,34.16,235712.0,1711.0
2012-04-27,JKHY,NASDAQ,34.37,34.46,33.91,34.34,319683.0,2217.0
2012-04-30,JKHY,NASDAQ,34.34,34.44,33.92,33.96,252122.0,1734.0
2012-05-01,JKHY,NASDAQ,33.86,34.76,33.86,34.14,337969.0,2126.0
2012-05-02,JKHY,NASDAQ,33.7,34.59,33.27,33.64,291652.0,2105.0
2012-05-03,JKHY,NASDAQ,33.65,33.93,33.15,33.18,303886.0,1992.0
2012-05-04,JKHY,NASDAQ,32.93,32.98,32.4,32.69,486102.0,3749.0
2012-05-07,JKHY,NASDAQ,32.59,32.97,32.42,32.8,271371.0,2063.0
2012-05-08,JKHY,NASDAQ,32.68,33.28,32.68,33.23,456957.0,3413.0
2012-05-09,JKHY,NASDAQ,32.98,33.28,32.8,33.07,296604.0,2161.0
2012-05-10,JKHY,NASDAQ,33.38,33.4,32.95,33.24,249626.0,1832.0
2012-05-11,JKHY,NASDAQ,33.08,33.465,32.97,33.24,261508.0,1595.0
2012-05-14,JKHY,NASDAQ,32.89,33.3,32.69,33.0,285775.0,2028.0
2012-05-15,JKHY,NASDAQ,32.93,33.29,32.89,33.11,268745.0,1910.0
2012-05-16,JKHY,NASDAQ,33.29,33.29,32.94,33.11,220825.0,1665.0
2012-05-17,JKHY,NASDAQ,33.06,33.15,32.66,32.69,421652.0,2658.0
2012-05-18,JKHY,NASDAQ,32.55,32.98,32.42,32.54,454967.0,3060.0
2012-05-21,JKHY,NASDAQ,32.66,33.08,32.17,33.06,499941.0,3562.0
2012-05-22,JKHY,NASDAQ,33.11,33.29,32.96,33.13,311001.0,2205.0
2012-05-23,JKHY,NASDAQ,32.89,33.21,32.78,33.11,532552.0,3020.0
2012-05-24,JKHY,NASDAQ,33.22,33.31,32.89,33.3,285398.0,2218.0
2012-05-25,JKHY,NASDAQ,33.38,33.49,32.95,33.13,262615.0,1640.0
2012-05-29,JKHY,NASDAQ,33.5,33.65,33.0,33.32,257195.0,1808.0
2012-05-30,JKHY,NASDAQ,32.89,33.16,32.86,33.0,276281.0,1766.0
2012-05-31,JKHY,NASDAQ,33.09,33.09,32.72,33.01,449962.0,2906.0
2012-06-01,JKHY,NASDAQ,32.48,32.84,32.4,32.48,492610.0,3794.0
2012-06-04,JKHY,NASDAQ,32.63,32.95,32.45,32.66,404532.0,3155.0
2012-06-05,JKHY,NASDAQ,32.64,32.82,32.423,32.73,477373.0,3168.0
2012-06-06,JKHY,NASDAQ,33.0,33.54,32.8118,33.53,304883.0,2103.0
2012-06-07,JKHY,NASDAQ,33.97,34.11,33.66,33.95,666922.0,3984.0
2012-06-08,JKHY,NASDAQ,33.91,34.2,33.84,34.13,472121.0,3619.0
2012-06-11,JKHY,NASDAQ,34.52,34.52,33.97,34.01,667480.0,4583.0
2012-06-12,JKHY,NASDAQ,34.24,34.268,33.86,34.2,619187.0,3278.0
2012-06-13,JKHY,NASDAQ,34.23,34.3,33.87,33.92,620210.0,3969.0
2012-06-14,JKHY,NASDAQ,33.91,34.05,33.55,33.77,716523.0,4081.0
2012-06-15,JKHY,NASDAQ,33.75,34.28,33.67,34.08,1066847.0,3671.0
2012-06-18,JKHY,NASDAQ,33.83,34.23,33.77,33.99,870442.0,4757.0
2012-06-19,JKHY,NASDAQ,34.21,34.35,34.0,34.04,564929.0,4312.0
2012-06-20,JKHY,NASDAQ,34.0,34.101,33.8,33.99,570182.0,4006.0
2012-06-21,JKHY,NASDAQ,34.09,34.14,33.09,33.13,694422.0,5424.0
2012-06-22,JKHY,NASDAQ,33.41,33.41,32.96,33.12,9523833.0,8278.0
2012-06-25,JKHY,NASDAQ,32.86,33.105,32.66,32.89,593590.0,3662.0
2012-06-26,JKHY,NASDAQ,33.02,33.04,32.65,32.91,408018.0,2486.0
2012-06-27,JKHY,NASDAQ,32.93,33.42,32.91,33.42,359939.0,2657.0
2012-06-28,JKHY,NASDAQ,33.3,33.71,33.11,33.69,512859.0,3863.0
2012-06-29,JKHY,NASDAQ,34.28,34.64,33.79,34.52,370431.0,2741.0
2012-07-02,JKHY,NASDAQ,34.69,34.99,34.35,34.98,417004.0,3398.0
2012-07-03,JKHY,NASDAQ,34.92,35.28,34.84,35.28,149675.0,1117.0
2012-07-05,JKHY,NASDAQ,35.22,35.49,35.0501,35.43,387152.0,2723.0
2012-07-06,JKHY,NASDAQ,35.23,35.3399,34.88,34.97,285022.0,2375.0
2012-07-09,JKHY,NASDAQ,34.88,34.92,34.65,34.82,248067.0,1761.0
2012-07-10,JKHY,NASDAQ,35.02,35.1799,34.51,34.62,345803.0,2215.0
2012-07-11,JKHY,NASDAQ,34.72,34.78,34.41,34.71,233953.0,1695.0
2012-07-12,JKHY,NASDAQ,34.59,34.82,34.4,34.67,315198.0,2411.0
2012-07-13,JKHY,NASDAQ,34.82,35.32,34.74,35.26,288405.0,1932.0
2012-07-16,JKHY,NASDAQ,35.31,35.33,34.77,34.88,297497.0,2461.0
2012-07-17,JKHY,NASDAQ,34.89,35.27,34.74,34.9,282320.0,2175.0
2012-07-18,JKHY,NASDAQ,34.79,35.24,34.79,35.2,237377.0,1874.0
2012-07-19,JKHY,NASDAQ,35.21,35.32,34.92,35.05,166792.0,1160.0
2012-07-20,JKHY,NASDAQ,34.93,34.99,34.56,34.75,138493.0,962.0
2012-07-23,JKHY,NASDAQ,34.37,34.63,33.92,34.46,214093.0,1860.0
2012-07-24,JKHY,NASDAQ,34.68,34.68,34.15,34.46,296612.0,2085.0
2012-07-25,JKHY,NASDAQ,34.44,34.68,34.22,34.51,236663.0,1741.0
2012-07-26,JKHY,NASDAQ,34.94,35.16,34.4,34.8,318132.0,1982.0
2012-07-27,JKHY,NASDAQ,34.89,35.3899,34.7,35.28,384681.0,2621.0
2012-07-30,JKHY,NASDAQ,35.25,35.49,34.7,34.85,263559.0,2054.0
2012-07-31,JKHY,NASDAQ,34.7,34.99,34.55,34.73,200994.0,1300.0
2012-08-01,JKHY,NASDAQ,34.95,35.07,34.28,34.4,171199.0,1433.0
2012-08-02,JKHY,NASDAQ,34.2,34.54,34.0115,34.32,143087.0,1096.0
2012-08-03,JKHY,NASDAQ,34.9,35.13,34.6,35.08,147732.0,1148.0
2012-08-06,JKHY,NASDAQ,35.06,35.3999,35.06,35.07,174627.0,1095.0
2012-08-07,JKHY,NASDAQ,35.17,35.48,35.17,35.24,154603.0,1183.0
2012-08-08,JKHY,NASDAQ,35.45,35.91,35.38,35.67,330111.0,2191.0
2012-08-09,JKHY,NASDAQ,35.58,35.69,35.41,35.57,195578.0,1440.0
2012-08-10,JKHY,NASDAQ,35.47,36.07,35.436,35.95,260188.0,1858.0
2012-08-13,JKHY,NASDAQ,35.85,35.94,35.59,35.91,238444.0,1770.0
2012-08-14,JKHY,NASDAQ,36.01,36.19,35.77,35.9,267680.0,2006.0
2012-08-15,JKHY,NASDAQ,36.67,38.07,36.42,36.96,679087.0,5376.0
2012-08-16,JKHY,NASDAQ,36.83,37.39,36.5701,37.095,425930.0,3218.0
2012-08-17,JKHY,NASDAQ,36.97,37.29,36.97,37.07,267511.0,1967.0
2012-08-20,JKHY,NASDAQ,36.94,37.12,36.69,36.81,260767.0,1858.0
2012-08-21,JKHY,NASDAQ,36.86,37.3,36.77,37.29,302505.0,2253.0
2012-08-22,JKHY,NASDAQ,37.14,37.31,36.95,37.13,302341.0,2216.0
2012-08-23,JKHY,NASDAQ,37.15,37.15,36.86,36.99,178104.0,1265.0
2012-08-24,JKHY,NASDAQ,36.76,37.19,36.76,37.03,253891.0,2029.0
2012-08-27,JKHY,NASDAQ,37.11,37.45,36.91,37.0,376409.0,2317.0
2012-08-28,JKHY,NASDAQ,36.94,37.29,36.771,37.08,365822.0,2940.0
2012-08-29,JKHY,NASDAQ,37.15,37.3,36.98,37.08,225170.0,1636.0
2012-08-30,JKHY,NASDAQ,36.9,37.1,36.73,36.77,231382.0,1607.0
2012-08-31,JKHY,NASDAQ,36.96,37.14,36.56,36.96,343095.0,2090.0
2012-09-04,JKHY,NASDAQ,36.91,37.66,36.91,37.62,317678.0,2168.0
2012-09-05,JKHY,NASDAQ,37.43,37.72,37.24,37.5,294578.0,1911.0
2012-09-06,JKHY,NASDAQ,37.54,38.17,37.54,38.1,370847.0,2110.0
2012-09-07,JKHY,NASDAQ,38.1,38.22,37.79,37.82,236516.0,1614.0
2012-09-10,JKHY,NASDAQ,37.87,38.06,37.57,37.61,187458.0,1386.0
2012-09-11,JKHY,NASDAQ,37.57,37.66,37.395,37.44,183912.0,1397.0
2012-09-12,JKHY,NASDAQ,37.45,37.649,37.43,37.46,227134.0,1608.0
2012-09-13,JKHY,NASDAQ,37.25,37.71,37.25,37.56,303489.0,1877.0
2012-09-14,JKHY,NASDAQ,37.56,37.88,37.43,37.69,227155.0,1696.0
2012-09-17,JKHY,NASDAQ,37.47,37.74,37.23,37.5,314736.0,1984.0
2012-09-18,JKHY,NASDAQ,37.34,37.65,37.32,37.49,311633.0,2003.0
2012-09-19,JKHY,NASDAQ,37.37,37.7114,37.33,37.57,219744.0,1376.0
2012-09-20,JKHY,NASDAQ,37.36,37.75,37.1945,37.63,241068.0,1902.0
2012-09-21,JKHY,NASDAQ,37.6,37.92,37.57,37.79,462754.0,1650.0
2012-09-24,JKHY,NASDAQ,37.61,37.9,37.4999,37.72,192023.0,1469.0
2012-09-25,JKHY,NASDAQ,37.74,37.92,37.39,37.55,440162.0,3003.0
2012-09-26,JKHY,NASDAQ,37.48,37.71,37.29,37.39,386208.0,2913.0
2012-09-27,JKHY,NASDAQ,37.48,37.88,37.4,37.75,148835.0,1055.0
2012-09-28,JKHY,NASDAQ,37.67,38.09,37.67,37.85,263590.0,1444.0
2012-10-01,JKHY,NASDAQ,37.85,37.96,37.23,37.87,644042.0,3998.0
2012-10-02,JKHY,NASDAQ,37.9,38.135,37.72,38.1,363940.0,2490.0
2012-10-03,JKHY,NASDAQ,38.1,38.505,37.92,38.37,243346.0,1795.0
2012-10-04,JKHY,NASDAQ,38.19,38.53,38.0968,38.52,206460.0,1416.0
2012-10-05,JKHY,NASDAQ,38.55,38.81,38.35,38.39,151528.0,1159.0
2012-10-08,JKHY,NASDAQ,38.25,38.625,38.1,38.59,240807.0,1715.0
2012-10-09,JKHY,NASDAQ,38.5,38.61,38.21,38.23,439086.0,3085.0
2012-10-10,JKHY,NASDAQ,38.25,38.5,38.05,38.15,268683.0,2141.0
2012-10-11,JKHY,NASDAQ,38.25,38.44,38.0,38.01,170096.0,1286.0
2012-10-12,JKHY,NASDAQ,38.09,38.23,37.86,37.86,192924.0,1200.0
2012-10-15,JKHY,NASDAQ,37.86,38.31,37.85,38.29,166999.0,1172.0
2012-10-16,JKHY,NASDAQ,38.34,38.9,38.34,38.87,223688.0,1555.0
2012-10-17,JKHY,NASDAQ,38.9,39.09,38.72,38.98,243838.0,1468.0
2012-10-18,JKHY,NASDAQ,38.97,39.06,38.35,38.69,170465.0,1321.0
2012-10-19,JKHY,NASDAQ,38.69,38.795,38.4,38.47,201257.0,1475.0
2012-10-22,JKHY,NASDAQ,38.49,38.59,38.23,38.35,147224.0,1058.0
2012-10-23,JKHY,NASDAQ,38.03,38.3812,37.84,38.27,143060.0,1002.0
2012-10-24,JKHY,NASDAQ,38.33,38.3599,37.69,37.96,249596.0,1774.0
2012-10-25,JKHY,NASDAQ,38.17,38.45,37.88,38.0,119467.0,919.0
2012-10-26,JKHY,NASDAQ,38.07,38.07,37.72,37.92,224124.0,1585.0
2012-10-31,JKHY,NASDAQ,37.88,38.0278,37.35,38.0,251768.0,1812.0
2012-11-01,JKHY,NASDAQ,38.4,40.71,38.32,39.53,936696.0,6491.0
2012-11-02,JKHY,NASDAQ,39.76,39.9885,38.97,38.97,456910.0,2866.0
2012-11-05,JKHY,NASDAQ,38.87,39.1,38.47,38.57,341608.0,2780.0
2012-11-06,JKHY,NASDAQ,38.77,39.4,38.63,39.26,427188.0,3399.0
2012-11-07,JKHY,NASDAQ,38.88,38.97,38.46,38.62,375546.0,2548.0
2012-11-08,JKHY,NASDAQ,38.49,39.09,38.42,38.74,475460.0,3927.0
2012-11-09,JKHY,NASDAQ,38.73,38.99,38.55,38.94,361963.0,2774.0
2012-11-12,JKHY,NASDAQ,39.0,39.0499,38.33,38.37,163133.0,1248.0
2012-11-13,JKHY,NASDAQ,38.24,38.6,38.1,38.16,241376.0,1754.0
2012-11-14,JKHY,NASDAQ,38.09,38.2,37.34,37.44,257427.0,2002.0
2012-11-15,JKHY,NASDAQ,37.49,37.59,37.12,37.52,420960.0,2596.0
2012-11-16,JKHY,NASDAQ,37.48,37.83,37.19,37.73,406085.0,2974.0
2012-11-19,JKHY,NASDAQ,38.04,38.3,37.88,38.29,320882.0,2534.0
2012-11-20,JKHY,NASDAQ,38.19,38.39,37.9991,38.38,279259.0,2020.0
2012-11-21,JKHY,NASDAQ,38.52,38.56,38.25,38.39,317970.0,1965.0
2012-11-23,JKHY,NASDAQ,38.59,38.7663,38.34,38.46,128780.0,1067.0
2012-11-26,JKHY,NASDAQ,38.45,38.65,38.31,38.57,303495.0,2220.0
2012-11-27,JKHY,NASDAQ,38.56,38.88,38.53,38.63,341053.0,2412.0
2012-11-28,JKHY,NASDAQ,38.49,38.64,38.13,38.61,229288.0,1633.0
2012-11-29,JKHY,NASDAQ,38.71,38.88,38.33,38.54,242705.0,1555.0
2012-11-30,JKHY,NASDAQ,38.62,38.895,38.4423,38.87,483415.0,2491.0
2012-12-03,JKHY,NASDAQ,38.93,39.0,38.59,38.75,283349.0,1856.0
2012-12-04,JKHY,NASDAQ,38.7,38.98,38.62,38.86,342805.0,1892.0
2012-12-05,JKHY,NASDAQ,38.81,39.04,38.52,38.9,259101.0,1991.0
2012-12-06,JKHY,NASDAQ,38.81,39.02,38.77,38.82,332656.0,1817.0
2012-12-07,JKHY,NASDAQ,38.85,38.99,38.56,38.86,194554.0,1430.0
2012-12-10,JKHY,NASDAQ,38.96,39.04,38.82,38.98,288928.0,1433.0
2012-12-11,JKHY,NASDAQ,39.14,39.43,38.95,39.17,410540.0,1750.0
2012-12-12,JKHY,NASDAQ,39.33,39.46,38.89,39.0,187216.0,1393.0
2012-12-13,JKHY,NASDAQ,39.11,39.35,38.62,38.71,207292.0,1222.0
2012-12-14,JKHY,NASDAQ,38.63,38.83,38.43,38.45,151190.0,1233.0
2012-12-17,JKHY,NASDAQ,38.59,39.34,38.415,39.34,292481.0,2203.0
2012-12-18,JKHY,NASDAQ,39.22,39.79,39.12,39.65,288603.0,2223.0
2012-12-19,JKHY,NASDAQ,39.76,39.99,39.6,39.6749,419241.0,2698.0
2012-12-20,JKHY,NASDAQ,39.64,39.78,39.49,39.76,397065.0,2744.0
2012-12-21,JKHY,NASDAQ,39.04,39.83,39.0,39.57,1217878.0,3990.0
2012-12-24,JKHY,NASDAQ,39.4,39.83,39.14,39.83,110171.0,778.0
2012-12-26,JKHY,NASDAQ,39.78,39.78,39.06,39.09,172837.0,1217.0
2012-12-27,JKHY,NASDAQ,39.03,39.47,38.76,39.37,305098.0,2205.0
2012-12-28,JKHY,NASDAQ,39.09,39.55,39.0,39.23,258357.0,1693.0
2012-12-31,JKHY,NASDAQ,39.11,39.41,38.8,39.26,554993.0,2488.0
2013-01-02,JKHY,NASDAQ,39.6,40.85,39.6,40.85,550497.0,3957.0
2013-01-03,JKHY,NASDAQ,40.9,41.24,40.8,40.91,325155.0,1716.0
2013-01-04,JKHY,NASDAQ,41.09,41.09,40.84,41.0,331266.0,1891.0
2013-01-07,JKHY,NASDAQ,40.77,41.2,40.6,41.07,344261.0,2239.0
2013-01-08,JKHY,NASDAQ,40.97,41.12,40.76,40.88,304596.0,1936.0
2013-01-09,JKHY,NASDAQ,40.95,41.5788,40.86,41.27,320353.0,1745.0
2013-01-10,JKHY,NASDAQ,41.4,41.7299,40.84,41.15,314935.0,2478.0
2013-01-11,JKHY,NASDAQ,41.04,41.25,40.71,41.05,352214.0,2369.0
2013-01-14,JKHY,NASDAQ,40.91,41.27,40.73,41.26,195294.0,1469.0
2013-01-15,JKHY,NASDAQ,40.8,41.19,40.71,41.15,431812.0,2546.0
2013-01-16,JKHY,NASDAQ,41.16,41.22,40.99,41.13,204923.0,1363.0
2013-01-17,JKHY,NASDAQ,41.27,41.54,41.08,41.21,178245.0,1254.0
2013-01-18,JKHY,NASDAQ,41.29,41.5,41.11,41.42,164919.0,1076.0
2013-01-22,JKHY,NASDAQ,41.54,41.87,41.27,41.87,462638.0,2827.0
2013-01-23,JKHY,NASDAQ,41.87,42.12,41.51,41.68,242351.0,1645.0
2013-01-24,JKHY,NASDAQ,41.64,42.02,41.58,41.69,327665.0,2060.0
2013-01-25,JKHY,NASDAQ,41.74,41.9,41.3351,41.51,278877.0,2016.0
2013-01-28,JKHY,NASDAQ,41.51,41.75,41.44,41.54,293491.0,1936.0
2013-01-29,JKHY,NASDAQ,41.58,41.76,41.25,41.41,393750.0,2191.0
2013-01-30,JKHY,NASDAQ,41.44,41.67,41.24,41.35,263230.0,2101.0
2013-01-31,JKHY,NASDAQ,41.27,41.6,41.16,41.48,583970.0,3019.0
2013-02-01,JKHY,NASDAQ,41.71,42.0199,41.63,41.74,344462.0,2652.0
2013-02-04,JKHY,NASDAQ,41.65,42.16,41.35,41.68,399694.0,2603.0
2013-02-05,JKHY,NASDAQ,41.82,42.31,41.73,42.12,546324.0,3295.0
2013-02-06,JKHY,NASDAQ,42.2,44.32,42.2,44.06,1642409.0,8906.0
2013-02-07,JKHY,NASDAQ,44.05,44.11,43.49,44.07,630339.0,3529.0
2013-02-08,JKHY,NASDAQ,44.0,44.13,43.6399,43.82,447382.0,2270.0
2013-02-11,JKHY,NASDAQ,43.89,44.14,43.32,43.57,483814.0,2753.0
2013-02-12,JKHY,NASDAQ,43.5,43.72,43.15,43.47,376693.0,2916.0
2013-02-13,JKHY,NASDAQ,43.41,43.54,43.02,43.46,341955.0,2218.0
2013-02-14,JKHY,NASDAQ,43.29,43.44,43.18,43.36,262069.0,1861.0
2013-02-15,JKHY,NASDAQ,43.35,43.63,43.31,43.46,405319.0,2752.0
2013-02-19,JKHY,NASDAQ,43.6,43.85,43.27,43.84,552086.0,3061.0
2013-02-20,JKHY,NASDAQ,43.79,44.18,43.59,43.62,351883.0,2638.0
2013-02-21,JKHY,NASDAQ,43.63,43.63,43.28,43.51,393846.0,3193.0
2013-02-22,JKHY,NASDAQ,43.6,43.72,43.39,43.67,266545.0,1847.0
2013-02-25,JKHY,NASDAQ,43.78,43.99,43.26,43.27,304698.0,2450.0
2013-02-26,JKHY,NASDAQ,43.33,43.71,43.17,43.61,346598.0,2380.0
2013-02-27,JKHY,NASDAQ,43.51,44.04,43.35,43.87,289377.0,2035.0
2013-02-28,JKHY,NASDAQ,43.81,44.07,43.71,43.72,430879.0,2061.0
2013-03-01,JKHY,NASDAQ,43.58,44.06,43.125,43.93,531309.0,3829.0
2013-03-04,JKHY,NASDAQ,43.89,44.25,43.82,44.24,467346.0,2795.0
2013-03-05,JKHY,NASDAQ,44.31,45.09,44.31,44.87,363602.0,2744.0
2013-03-06,JKHY,NASDAQ,45.0,45.23,44.6,44.93,404318.0,2197.0
2013-03-07,JKHY,NASDAQ,44.87,44.99,44.441,44.76,264823.0,2037.0
2013-03-08,JKHY,NASDAQ,44.92,45.02,44.6,45.0,441868.0,2652.0
2013-03-11,JKHY,NASDAQ,44.97,45.13,44.72,45.0,318058.0,2420.0
2013-03-12,JKHY,NASDAQ,45.02,45.06,44.55,44.84,266873.0,2213.0
2013-03-13,JKHY,NASDAQ,44.96,45.02,44.71,44.79,331248.0,2426.0
2013-03-14,JKHY,NASDAQ,45.03,45.07,44.8,44.94,275931.0,1910.0
2013-03-15,JKHY,NASDAQ,44.95,45.34,44.71,45.31,1050192.0,3665.0
2013-03-18,JKHY,NASDAQ,44.75,45.4,44.75,45.08,384077.0,3055.0
2013-03-19,JKHY,NASDAQ,45.07,45.48,44.93,45.28,282102.0,2428.0
2013-03-20,JKHY,NASDAQ,45.53,45.86,45.24,45.78,257707.0,2103.0
2013-03-21,JKHY,NASDAQ,45.64,45.64,45.195,45.27,353467.0,2645.0
2013-03-22,JKHY,NASDAQ,45.22,45.67,45.21,45.64,264250.0,2023.0
2013-03-25,JKHY,NASDAQ,45.66,45.96,45.29,45.37,229137.0,1931.0
2013-03-26,JKHY,NASDAQ,45.49,45.82,45.315,45.78,181353.0,1387.0
2013-03-27,JKHY,NASDAQ,45.56,45.77,45.22,45.75,225227.0,1428.0
2013-03-28,JKHY,NASDAQ,45.63,46.31,45.6,46.21,373066.0,2461.0
2013-04-01,JKHY,NASDAQ,46.05,46.28,45.62,45.84,233305.0,1487.0
2013-04-02,JKHY,NASDAQ,45.9,46.12,45.68,45.88,293484.0,1420.0
2013-04-03,JKHY,NASDAQ,46.0,46.035,45.13,45.15,384645.0,2821.0
2013-04-04,JKHY,NASDAQ,45.1,45.25,44.93,45.0,364647.0,1963.0
2013-04-05,JKHY,NASDAQ,44.54,44.61,44.27,44.4,374432.0,2201.0
2013-04-08,JKHY,NASDAQ,44.5,44.65,44.2,44.64,301854.0,1992.0
2013-04-09,JKHY,NASDAQ,44.61,44.69,44.35,44.47,228121.0,1760.0
2013-04-10,JKHY,NASDAQ,44.47,45.44,44.47,45.43,293936.0,2244.0
2013-04-11,JKHY,NASDAQ,45.31,45.79,45.31,45.79,240035.0,1984.0
2013-04-12,JKHY,NASDAQ,45.7,45.84,45.15,45.315,166143.0,1223.0
2013-04-15,JKHY,NASDAQ,45.11,45.26,44.09,44.1,266817.0,1687.0
2013-04-16,JKHY,NASDAQ,44.47,44.6844,44.04,44.67,232908.0,1636.0
2013-04-17,JKHY,NASDAQ,44.47,44.58,43.83,44.44,429033.0,2403.0
2013-04-18,JKHY,NASDAQ,44.6,44.86,43.79,43.89,277873.0,2091.0
2013-04-19,JKHY,NASDAQ,43.94,44.19,43.43,44.01,284874.0,2074.0
2013-04-22,JKHY,NASDAQ,44.11,44.3599,43.67,44.17,168492.0,1293.0
2013-04-23,JKHY,NASDAQ,44.47,44.89,44.21,44.87,236800.0,1701.0
2013-04-24,JKHY,NASDAQ,44.88,44.985,44.61,44.81,196237.0,1587.0
2013-04-25,JKHY,NASDAQ,44.98,45.28,44.78,45.08,232491.0,1205.0
2013-04-26,JKHY,NASDAQ,44.9,45.11,44.67,44.86,124352.0,834.0
2013-04-29,JKHY,NASDAQ,44.94,45.33,44.7,45.13,252713.0,1748.0
2013-04-30,JKHY,NASDAQ,45.01,46.4199,44.9,46.4,562032.0,2809.0
2013-05-01,JKHY,NASDAQ,46.02,46.02,44.22,45.4,410745.0,3211.0
2013-05-02,JKHY,NASDAQ,44.75,45.8,44.75,45.7,359814.0,2553.0
2013-05-03,JKHY,NASDAQ,46.26,46.47,45.6301,46.0,448767.0,3348.0
2013-05-06,JKHY,NASDAQ,46.55,46.63,46.25,46.37,454535.0,3329.0
2013-05-07,JKHY,NASDAQ,46.25,47.37,46.25,47.36,382946.0,2784.0
2013-05-08,JKHY,NASDAQ,47.39,47.63,47.1,47.61,471460.0,3140.0
2013-05-09,JKHY,NASDAQ,47.72,47.81,47.25,47.32,318544.0,2133.0
2013-05-10,JKHY,NASDAQ,47.21,47.55,47.21,47.42,211035.0,1605.0
2013-05-13,JKHY,NASDAQ,47.48,47.52,47.2,47.24,224500.0,1473.0
2013-05-14,JKHY,NASDAQ,47.14,48.04,47.14,47.98,226902.0,1699.0
2013-05-15,JKHY,NASDAQ,47.92,48.14,47.59,47.86,323859.0,2294.0
2013-05-16,JKHY,NASDAQ,47.81,47.95,47.19,47.26,247632.0,1982.0
2013-05-17,JKHY,NASDAQ,47.35,47.7,47.25,47.69,164384.0,1094.0
2013-05-20,JKHY,NASDAQ,47.53,47.65,47.29,47.39,255397.0,1707.0
2013-05-21,JKHY,NASDAQ,47.4,47.645,47.27,47.33,172002.0,1170.0
2013-05-22,JKHY,NASDAQ,47.32,47.47,46.11,46.56,320166.0,2478.0
2013-05-23,JKHY,NASDAQ,46.36,47.03,45.89,46.72,405468.0,2442.0
2013-05-24,JKHY,NASDAQ,46.18,46.61,46.0,46.48,206465.0,1532.0
2013-05-28,JKHY,NASDAQ,46.94,47.22,46.54,46.89,231563.0,1774.0
2013-05-29,JKHY,NASDAQ,46.49,46.7,46.07,46.47,266344.0,2090.0
2013-05-30,JKHY,NASDAQ,46.54,46.9,46.46,46.88,265668.0,1703.0
2013-05-31,JKHY,NASDAQ,46.72,47.45,46.51,46.93,492776.0,3240.0
2013-06-03,JKHY,NASDAQ,46.98,47.24,46.26,46.65,376669.0,2871.0
2013-06-04,JKHY,NASDAQ,46.75,46.91,46.1101,46.27,362620.0,2254.0
2013-06-05,JKHY,NASDAQ,46.21,46.25,45.68,45.69,262725.0,2053.0
2013-06-06,JKHY,NASDAQ,45.53,46.11,45.19,46.02,387102.0,2431.0
2013-06-07,JKHY,NASDAQ,46.13,46.97,45.87,46.895,356687.0,2741.0
2013-06-10,JKHY,NASDAQ,47.07,47.2,46.67,47.2,292235.0,2223.0
2013-06-11,JKHY,NASDAQ,46.63,47.45,46.27,47.03,375359.0,2604.0
2013-06-12,JKHY,NASDAQ,47.37,47.48,46.79,46.87,261271.0,1923.0
2013-06-13,JKHY,NASDAQ,46.77,47.605,46.74,47.5,317631.0,2305.0
2013-06-14,JKHY,NASDAQ,47.37,47.53,47.14,47.24,194242.0,1424.0
2013-06-17,JKHY,NASDAQ,47.56,47.72,47.35,47.5,269920.0,1881.0
2013-06-18,JKHY,NASDAQ,47.43,48.24,47.43,48.06,319703.0,1966.0
2013-06-19,JKHY,NASDAQ,48.12,48.12,47.54,47.57,270546.0,2042.0
2013-06-20,JKHY,NASDAQ,47.07,47.5,46.86,46.97,417182.0,3141.0
2013-06-21,JKHY,NASDAQ,47.03,47.44,46.83,47.32,663704.0,3100.0
2013-06-24,JKHY,NASDAQ,46.83,47.14,46.51,46.81,223443.0,1876.0
2013-06-25,JKHY,NASDAQ,47.01,47.215,46.34,46.79,327669.0,2449.0
2013-06-26,JKHY,NASDAQ,47.3,47.3,37.9,46.92,393200.0,2713.0
2013-06-27,JKHY,NASDAQ,47.15,47.8,47.12,47.62,168006.0,1116.0
2013-06-28,JKHY,NASDAQ,47.4,47.585,46.96,47.13,672473.0,2865.0
2013-07-01,JKHY,NASDAQ,47.42,48.15,47.42,47.885,223868.0,1636.0
2013-07-02,JKHY,NASDAQ,47.94,48.039,47.3,47.48,308447.0,2181.0
2013-07-03,JKHY,NASDAQ,47.36,47.52,47.14,47.24,204388.0,1530.0
2013-07-05,JKHY,NASDAQ,47.43,48.02,47.37,48.02,342276.0,2046.0
2013-07-08,JKHY,NASDAQ,48.09,48.71,47.9,48.64,335864.0,2411.0
2013-07-09,JKHY,NASDAQ,49.02,49.1089,48.59,48.81,251352.0,1807.0
2013-07-10,JKHY,NASDAQ,48.84,49.27,48.57,49.22,276021.0,2063.0
2013-07-11,JKHY,NASDAQ,49.69,49.828,49.15,49.6,253390.0,2015.0
2013-07-12,JKHY,NASDAQ,49.69,49.78,49.37,49.66,248053.0,1758.0
2013-07-15,JKHY,NASDAQ,49.69,49.8,49.41,49.49,243667.0,1903.0
2013-07-16,JKHY,NASDAQ,49.63,49.68,48.94,49.08,498584.0,3488.0
2013-07-17,JKHY,NASDAQ,49.34,49.34,48.83,48.98,304299.0,2248.0
2013-07-18,JKHY,NASDAQ,49.17,49.3,48.64,48.72,256814.0,1966.0
2013-07-19,JKHY,NASDAQ,48.62,48.8,48.436,48.5,301851.0,1887.0
2013-07-22,JKHY,NASDAQ,48.69,48.74,48.41,48.51,304534.0,2185.0
2013-07-23,JKHY,NASDAQ,48.6,48.73,48.18,48.28,204816.0,1596.0
2013-07-24,JKHY,NASDAQ,48.56,48.675,47.85,47.9,179349.0,1440.0
2013-07-25,JKHY,NASDAQ,47.75,48.1,47.61,48.0,324584.0,2407.0
2013-07-26,JKHY,NASDAQ,47.81,47.93,47.5501,47.79,360718.0,1896.0
2013-07-29,JKHY,NASDAQ,47.81,48.13,47.2501,48.0,326869.0,2257.0
2013-07-30,JKHY,NASDAQ,48.25,48.51,48.21,48.27,193630.0,1520.0
2013-07-31,JKHY,NASDAQ,48.55,48.615,48.23,48.3,276548.0,1818.0
2013-08-01,JKHY,NASDAQ,48.83,49.71,48.675,49.48,543217.0,3648.0
2013-08-02,JKHY,NASDAQ,49.4,49.59,48.98,49.59,179733.0,1225.0
2013-08-05,JKHY,NASDAQ,49.49,49.85,49.45,49.84,140291.0,1067.0
2013-08-06,JKHY,NASDAQ,49.44,49.95,49.44,49.65,147722.0,964.0
2013-08-07,JKHY,NASDAQ,49.64,50.06,49.61,49.79,226529.0,1810.0
2013-08-08,JKHY,NASDAQ,49.95,50.35,49.79,50.11,233506.0,1213.0
2013-08-09,JKHY,NASDAQ,50.14,50.48,49.8,49.83,306079.0,2237.0
2013-08-12,JKHY,NASDAQ,49.61,50.81,49.39,50.63,261291.0,1923.0
2013-08-13,JKHY,NASDAQ,50.93,50.93,50.17,50.77,281694.0,1771.0
2013-08-14,JKHY,NASDAQ,52.4,52.42,51.0,51.67,393344.0,3107.0
2013-08-15,JKHY,NASDAQ,51.03,51.318,50.44,50.71,324445.0,2513.0
2013-08-16,JKHY,NASDAQ,50.73,50.8,50.39,50.47,243489.0,1776.0
2013-08-19,JKHY,NASDAQ,50.37,50.65,50.15,50.29,203271.0,1441.0
2013-08-20,JKHY,NASDAQ,50.42,50.7,50.11,50.36,237320.0,1741.0
2013-08-21,JKHY,NASDAQ,50.23,50.37,49.86,49.92,229826.0,1832.0
2013-08-22,JKHY,NASDAQ,50.03,50.94,49.91,50.43,172516.0,1254.0
2013-08-23,JKHY,NASDAQ,50.58,50.59,50.23,50.38,154223.0,1250.0
2013-08-26,JKHY,NASDAQ,50.44,50.84,50.345,50.5,206180.0,1263.0
2013-08-27,JKHY,NASDAQ,50.04,50.38,49.47,49.54,185882.0,1372.0
2013-08-28,JKHY,NASDAQ,49.61,49.99,49.5,49.82,187754.0,1338.0
2013-08-29,JKHY,NASDAQ,49.76,50.53,49.76,50.21,188740.0,1432.0
2013-08-30,JKHY,NASDAQ,50.43,50.43,49.78,49.9,274065.0,2066.0
2013-09-03,JKHY,NASDAQ,50.57,50.85,49.24,49.71,612091.0,3732.0
2013-09-04,JKHY,NASDAQ,49.87,50.32,49.585,50.23,309504.0,1740.0
2013-09-05,JKHY,NASDAQ,50.37,50.84,50.23,50.67,280453.0,1943.0
2013-09-06,JKHY,NASDAQ,50.97,51.07,50.42,50.9,389208.0,2530.0
2013-09-09,JKHY,NASDAQ,51.15,51.41,50.86,51.27,171978.0,1205.0
2013-09-10,JKHY,NASDAQ,51.64,51.775,51.31,51.56,246535.0,1963.0
2013-09-11,JKHY,NASDAQ,51.47,51.81,51.32,51.53,193816.0,1397.0
2013-09-12,JKHY,NASDAQ,51.67,51.795,51.07,51.17,202455.0,1468.0
2013-09-13,JKHY,NASDAQ,51.13,51.35,50.885,51.14,178260.0,1330.0
2013-09-16,JKHY,NASDAQ,51.77,52.25,51.22,51.44,203410.0,1514.0
2013-09-17,JKHY,NASDAQ,51.56,51.915,51.29,51.87,190833.0,1283.0
2013-09-18,JKHY,NASDAQ,51.86,51.93,51.24,51.64,266299.0,2056.0
2013-09-19,JKHY,NASDAQ,51.68,51.95,51.38,51.59,189643.0,1370.0
2013-09-20,JKHY,NASDAQ,51.75,52.0,51.47,51.68,683552.0,1943.0
2013-09-23,JKHY,NASDAQ,51.65,51.71,51.07,51.21,230871.0,1627.0
2013-09-24,JKHY,NASDAQ,51.42,51.609,50.76,51.24,251915.0,1752.0
2013-09-25,JKHY,NASDAQ,51.16,51.63,50.9,50.99,330253.0,1733.0
2013-09-26,JKHY,NASDAQ,51.13,51.68,50.79,51.66,474193.0,3264.0
2013-09-27,JKHY,NASDAQ,51.59,51.59,51.03,51.45,272537.0,1771.0
2013-09-30,JKHY,NASDAQ,51.13,51.81,50.8101,51.66,504712.0,3170.0
2013-10-01,JKHY,NASDAQ,50.93,52.51,49.075,52.06,898804.0,5195.0
2013-10-02,JKHY,NASDAQ,51.88,51.93,51.42,51.92,294327.0,2229.0
2013-10-03,JKHY,NASDAQ,52.0,52.01,51.27,51.8,407869.0,2630.0
2013-10-04,JKHY,NASDAQ,51.81,52.43,51.63,52.37,309477.0,2213.0
2013-10-07,JKHY,NASDAQ,52.05,52.35,51.55,51.55,290698.0,2216.0
2013-10-08,JKHY,NASDAQ,51.56,51.718,51.07,51.11,364177.0,3040.0
2013-10-09,JKHY,NASDAQ,51.38,51.445,50.82,50.93,375414.0,2675.0
2013-10-10,JKHY,NASDAQ,51.51,52.93,51.51,52.93,457323.0,3211.0
2013-10-11,JKHY,NASDAQ,52.95,53.17,52.5,53.16,223320.0,1660.0
2013-10-14,JKHY,NASDAQ,52.85,53.68,52.66,53.61,184199.0,1340.0
2013-10-15,JKHY,NASDAQ,53.32,53.32,52.79,52.82,239247.0,1667.0
2013-10-16,JKHY,NASDAQ,53.03,53.79,52.89,53.63,280539.0,1629.0
2013-10-17,JKHY,NASDAQ,53.56,54.19,53.56,54.12,245302.0,1516.0
2013-10-18,JKHY,NASDAQ,54.13,54.44,54.05,54.4,885905.0,1485.0
2013-10-21,JKHY,NASDAQ,54.455,54.89,54.125,54.77,313660.0,1835.0
2013-10-22,JKHY,NASDAQ,54.99,55.24,54.4449,54.91,286476.0,1598.0
2013-10-23,JKHY,NASDAQ,54.71,55.08,54.32,54.6,233655.0,1383.0
2013-10-24,JKHY,NASDAQ,54.85,55.21,54.5801,55.1,253126.0,1934.0
2013-10-25,JKHY,NASDAQ,55.22,55.3,54.93,55.15,134721.0,862.0
2013-10-28,JKHY,NASDAQ,55.05,55.15,54.81,54.96,192500.0,1344.0
2013-10-29,JKHY,NASDAQ,55.06,55.42,54.7401,55.25,234542.0,1609.0
2013-10-30,JKHY,NASDAQ,55.23,55.37,54.6,54.73,240954.0,1593.0
2013-10-31,JKHY,NASDAQ,54.63,55.09,54.51,54.61,188557.0,1106.0
2013-11-01,JKHY,NASDAQ,54.8,54.81,54.1,54.48,130791.0,996.0
2013-11-04,JKHY,NASDAQ,56.95,56.95,54.23,54.81,173072.0,1271.0
2013-11-05,JKHY,NASDAQ,54.33,54.64,53.81,54.24,204417.0,1641.0
2013-11-06,JKHY,NASDAQ,54.8,55.59,54.14,55.26,330217.0,2403.0
2013-11-07,JKHY,NASDAQ,55.32,55.86,54.8,54.81,383327.0,2650.0
2013-11-08,JKHY,NASDAQ,54.73,55.54,54.72,55.49,203018.0,1531.0
2013-11-11,JKHY,NASDAQ,55.6,55.95,55.22,55.67,229156.0,1690.0
2013-11-12,JKHY,NASDAQ,55.68,55.97,55.2301,55.89,127708.0,889.0
2013-11-13,JKHY,NASDAQ,55.58,56.2,55.13,56.19,199325.0,1364.0
2013-11-14,JKHY,NASDAQ,56.26,56.575,56.05,56.32,123271.0,935.0
2013-11-15,JKHY,NASDAQ,56.27,56.72,56.02,56.71,152130.0,927.0
2013-11-18,JKHY,NASDAQ,56.82,57.0,56.55,56.82,248441.0,1764.0
2013-11-19,JKHY,NASDAQ,56.75,57.25,56.49,56.74,264827.0,1852.0
2013-11-20,JKHY,NASDAQ,56.75,57.28,56.5301,56.78,253287.0,1824.0
2013-11-21,JKHY,NASDAQ,56.78,57.1199,56.51,56.96,180220.0,1317.0
2013-11-22,JKHY,NASDAQ,56.96,57.19,56.58,56.85,178981.0,1453.0
2013-11-25,JKHY,NASDAQ,56.9,57.51,56.5,56.74,222636.0,1633.0
2013-11-26,JKHY,NASDAQ,56.86,57.25,56.29,57.13,247285.0,1681.0
2013-11-27,JKHY,NASDAQ,57.08,57.08,56.5,56.97,150270.0,1207.0
2013-11-29,JKHY,NASDAQ,57.0,57.11,56.51,56.77,93886.0,525.0
2013-12-02,JKHY,NASDAQ,56.81,57.41,56.38,56.85,220807.0,1680.0
2013-12-03,JKHY,NASDAQ,56.61,56.96,56.46,56.77,160753.0,1114.0
2013-12-04,JKHY,NASDAQ,56.7,56.98,56.22,56.83,206504.0,1629.0
2013-12-05,JKHY,NASDAQ,56.88,57.08,56.5475,56.95,202826.0,1442.0
2013-12-06,JKHY,NASDAQ,57.22,57.79,57.05,57.72,193126.0,1530.0
2013-12-09,JKHY,NASDAQ,57.86,58.26,57.221,57.69,190073.0,1957.0
2013-12-10,JKHY,NASDAQ,57.54,57.76,57.18,57.31,214416.0,2039.0
2013-12-11,JKHY,NASDAQ,57.45,57.61,56.47,56.6,281314.0,2642.0
2013-12-12,JKHY,NASDAQ,56.68,56.895,56.27,56.63,516967.0,3929.0
2013-12-13,JKHY,NASDAQ,56.89,57.19,56.65,57.17,271971.0,2751.0
2013-12-16,JKHY,NASDAQ,57.45,58.24,57.3675,58.14,384486.0,4043.0
2013-12-17,JKHY,NASDAQ,58.04,58.81,57.59,58.77,520161.0,5156.0
2013-12-18,JKHY,NASDAQ,58.79,59.059,57.84,58.82,399483.0,3927.0
2013-12-19,JKHY,NASDAQ,58.6,59.0,58.23,58.57,391284.0,3720.0
2013-12-20,JKHY,NASDAQ,58.74,58.74,58.08,58.39,781615.0,4687.0
2013-12-23,JKHY,NASDAQ,58.14,58.69,58.14,58.4,316664.0,3209.0
2013-12-24,JKHY,NASDAQ,58.51,58.86,58.411,58.83,125035.0,1281.0
2013-12-26,JKHY,NASDAQ,58.89,58.95,58.42,58.63,180993.0,1972.0
2013-12-27,JKHY,NASDAQ,58.85,58.85,58.39,58.59,170678.0,1934.0
2013-12-30,JKHY,NASDAQ,58.6,58.92,58.33,58.91,246228.0,2666.0
2013-12-31,JKHY,NASDAQ,58.92,59.37,58.87,59.21,186391.0,1687.0
2014-01-02,JKHY,NASDAQ,58.85,59.21,57.89,58.16,306810.0,3081.0
2014-01-03,JKHY,NASDAQ,58.3,59.0,57.55,58.98,263913.0,2622.0
2014-01-06,JKHY,NASDAQ,59.17,59.34,58.71,58.9,296058.0,3115.0
2014-01-07,JKHY,NASDAQ,59.09,59.33,58.85,59.18,268638.0,2985.0
2014-01-08,JKHY,NASDAQ,59.03,59.84,58.73,59.79,306236.0,3227.0
2014-01-09,JKHY,NASDAQ,59.99,60.298,59.55,59.77,286939.0,3214.0
2014-01-10,JKHY,NASDAQ,59.83,60.34,59.365,59.79,192160.0,2032.0
2014-01-13,JKHY,NASDAQ,59.67,59.76,58.33,58.47,313396.0,3237.0
2014-01-14,JKHY,NASDAQ,58.59,59.11,58.31,59.09,197568.0,2025.0
2014-01-15,JKHY,NASDAQ,59.25,59.37,58.96,59.14,219828.0,2388.0
2014-01-16,JKHY,NASDAQ,59.14,59.49,58.96,59.04,291419.0,2787.0
2014-01-17,JKHY,NASDAQ,58.88,59.12,58.3,58.36,323126.0,3278.0
2014-01-21,JKHY,NASDAQ,58.84,58.99,58.35,58.78,374918.0,3017.0
2014-01-22,JKHY,NASDAQ,58.93,59.4,58.87,59.38,308131.0,2325.0
2014-01-23,JKHY,NASDAQ,59.28,59.28,58.69,59.22,414206.0,3201.0
2014-01-24,JKHY,NASDAQ,58.99,58.99,57.48,57.49,349693.0,3656.0
2014-01-27,JKHY,NASDAQ,57.6,58.13,55.78,55.78,604700.0,5119.0
2014-01-28,JKHY,NASDAQ,55.98,56.66,55.92,56.62,325532.0,3541.0
2014-01-29,JKHY,NASDAQ,56.12,56.755,55.54,55.68,307887.0,3299.0
2014-01-30,JKHY,NASDAQ,56.27,56.84,55.76,56.7,312696.0,2938.0
2014-01-31,JKHY,NASDAQ,55.99,56.29,55.51,55.78,364472.0,3744.0
2014-02-03,JKHY,NASDAQ,55.86,56.02,53.55,53.69,715614.0,6818.0
2014-02-04,JKHY,NASDAQ,54.03,54.6934,53.55,54.67,680345.0,4860.0
2014-02-05,JKHY,NASDAQ,54.35,56.22,53.59,54.56,403691.0,3602.0
2014-02-06,JKHY,NASDAQ,54.74,55.18,54.19,55.0,494128.0,5060.0
2014-02-07,JKHY,NASDAQ,55.33,56.42,55.33,56.2,443547.0,4556.0
2014-02-10,JKHY,NASDAQ,56.22,56.775,55.11,56.39,520720.0,5426.0
2014-02-11,JKHY,NASDAQ,56.6,57.13,56.0201,56.92,485824.0,5200.0
2014-02-12,JKHY,NASDAQ,56.96,57.45,56.9301,57.37,444269.0,3589.0
2014-02-13,JKHY,NASDAQ,57.2,57.65,56.93,57.6,356318.0,3598.0
2014-02-14,JKHY,NASDAQ,57.63,57.7475,57.0203,57.61,260171.0,2925.0
2014-02-18,JKHY,NASDAQ,58.02,58.48,57.31,57.93,299161.0,3265.0
2014-02-19,JKHY,NASDAQ,57.79,58.28,57.52,57.96,433844.0,4138.0
2014-02-20,JKHY,NASDAQ,58.19,58.32,57.72,58.15,367107.0,3993.0
2014-02-21,JKHY,NASDAQ,58.25,58.5594,57.97,58.36,377739.0,3930.0
2014-02-24,JKHY,NASDAQ,58.38,58.99,57.89,58.6,388772.0,3433.0
2014-02-25,JKHY,NASDAQ,58.7,58.84,58.28,58.43,356798.0,2761.0
2014-02-26,JKHY,NASDAQ,58.67,58.72,58.2,58.43,232410.0,2541.0
2014-02-27,JKHY,NASDAQ,58.31,58.9,58.2,58.82,183400.0,2144.0
2014-02-28,JKHY,NASDAQ,58.83,58.94,57.72,58.13,386827.0,4011.0
2014-03-03,JKHY,NASDAQ,57.83,58.03,57.14,57.64,242641.0,3005.0
2014-03-04,JKHY,NASDAQ,58.65,58.83,57.65,58.29,391849.0,4072.0
2014-03-05,JKHY,NASDAQ,58.44,58.44,57.84,57.95,428171.0,2874.0
2014-03-06,JKHY,NASDAQ,58.19,58.38,57.54,57.62,420379.0,4285.0
2014-03-07,JKHY,NASDAQ,57.8,58.13,57.41,57.49,307647.0,3085.0
2014-03-10,JKHY,NASDAQ,57.58,57.846,57.42,57.82,472548.0,4023.0
2014-03-11,JKHY,NASDAQ,57.99,58.02,57.15,57.25,457694.0,4483.0
2014-03-12,JKHY,NASDAQ,57.16,57.725,56.93,57.48,310889.0,2921.0
2014-03-13,JKHY,NASDAQ,57.72,57.77,56.25,56.41,353086.0,3654.0
2014-03-14,JKHY,NASDAQ,56.36,56.78,55.92,56.45,394488.0,3843.0
2014-03-17,JKHY,NASDAQ,56.67,57.12,56.52,56.88,310334.0,2422.0
2014-03-18,JKHY,NASDAQ,56.93,57.26,56.908,57.14,350757.0,2720.0
2014-03-19,JKHY,NASDAQ,57.14,57.25,56.2,56.39,203656.0,2089.0
2014-03-20,JKHY,NASDAQ,56.27,56.55,56.04,56.39,254437.0,2347.0
2014-03-21,JKHY,NASDAQ,56.5,56.676,56.07,56.47,1064107.0,3572.0
2014-03-24,JKHY,NASDAQ,56.69,56.74,55.44,55.78,249106.0,2720.0
2014-03-25,JKHY,NASDAQ,56.02,56.57,55.38,55.53,213505.0,2251.0
2014-03-26,JKHY,NASDAQ,55.85,55.92,54.75,54.76,241272.0,2092.0
2014-03-27,JKHY,NASDAQ,54.71,55.13,54.1575,55.04,314689.0,2686.0
2014-03-28,JKHY,NASDAQ,55.19,55.61,54.88,55.05,179879.0,2095.0
2014-03-31,JKHY,NASDAQ,55.34,55.99,55.2,55.76,210134.0,2082.0
2014-04-01,JKHY,NASDAQ,55.74,56.62,55.64,56.57,316318.0,2824.0
2014-04-02,JKHY,NASDAQ,56.56,56.88,55.73,56.12,222898.0,2539.0
2014-04-03,JKHY,NASDAQ,55.94,56.44,55.76,56.27,403225.0,2884.0
2014-04-04,JKHY,NASDAQ,56.59,56.84,55.33,55.49,351729.0,3555.0
2014-04-07,JKHY,NASDAQ,55.29,55.82,54.51,54.58,378773.0,3331.0
2014-04-08,JKHY,NASDAQ,54.6,55.38,54.46,55.2,240012.0,2517.0
2014-04-09,JKHY,NASDAQ,55.34,55.69,55.05,55.66,147014.0,2177.0
2014-04-10,JKHY,NASDAQ,55.67,55.72,53.96,53.97,290709.0,2598.0
2014-04-11,JKHY,NASDAQ,53.78,54.31,52.87,53.23,398495.0,3804.0
2014-04-14,JKHY,NASDAQ,53.46,54.09,53.086,53.31,393514.0,3153.0
2014-04-15,JKHY,NASDAQ,53.36,54.27,52.9,54.2,258922.0,2870.0
2014-04-16,JKHY,NASDAQ,54.44,55.21,54.44,55.03,321843.0,3117.0
2014-04-17,JKHY,NASDAQ,54.94,55.47,54.72,55.2,184689.0,2049.0
2014-04-21,JKHY,NASDAQ,55.14,55.46,54.89,55.04,174896.0,1851.0
2014-04-22,JKHY,NASDAQ,55.13,55.27,54.87,54.95,201094.0,2126.0
2014-04-23,JKHY,NASDAQ,54.8,55.06,54.5391,54.76,267291.0,2440.0
2014-04-24,JKHY,NASDAQ,55.11,55.33,54.58,54.75,198737.0,1866.0
2014-04-25,JKHY,NASDAQ,54.45,54.89,54.16,54.27,272830.0,2702.0
2014-04-28,JKHY,NASDAQ,54.48,54.98,53.79,54.51,236488.0,2436.0
2014-04-29,JKHY,NASDAQ,54.85,55.47,54.15,54.39,332996.0,2913.0
2014-04-30,JKHY,NASDAQ,54.11,55.22,53.96,55.16,344951.0,3388.0
2014-05-01,JKHY,NASDAQ,55.34,56.0,54.52,55.54,258978.0,2793.0
2014-05-02,JKHY,NASDAQ,55.69,56.7,55.25,56.35,367704.0,3347.0
2014-05-05,JKHY,NASDAQ,55.95,56.62,55.58,56.52,380637.0,2685.0
2014-05-06,JKHY,NASDAQ,56.47,57.34,56.096,57.12,513958.0,4256.0
2014-05-07,JKHY,NASDAQ,57.12,57.44,56.47,57.32,545004.0,5103.0
2014-05-08,JKHY,NASDAQ,57.15,58.06,57.1,57.44,602334.0,5379.0
2014-05-09,JKHY,NASDAQ,57.42,57.42,56.66,57.31,216911.0,2489.0
2014-05-12,JKHY,NASDAQ,57.6,58.425,57.47,58.27,225988.0,2451.0
2014-05-13,JKHY,NASDAQ,58.4,58.52,57.93,57.95,216969.0,2208.0
2014-05-14,JKHY,NASDAQ,57.74,58.17,57.06,57.07,286553.0,2964.0
2014-05-15,JKHY,NASDAQ,56.6,56.65,55.7,56.51,362270.0,4205.0
2014-05-16,JKHY,NASDAQ,56.72,56.79,56.09,56.76,304189.0,2680.0
2014-05-19,JKHY,NASDAQ,56.81,57.675,56.61,57.48,278607.0,2706.0
2014-05-20,JKHY,NASDAQ,57.54,57.82,56.8,56.96,397976.0,4015.0
2014-05-21,JKHY,NASDAQ,57.17,57.55,57.005,57.36,255862.0,2844.0
2014-05-22,JKHY,NASDAQ,57.51,57.79,57.09,57.64,284069.0,2763.0
2014-05-23,JKHY,NASDAQ,57.75,58.0,57.55,57.95,215094.0,2198.0
2014-05-27,JKHY,NASDAQ,58.0,58.2,57.66,57.94,239678.0,2640.0
2014-05-28,JKHY,NASDAQ,57.95,58.08,57.44,57.92,198307.0,2090.0
2014-05-29,JKHY,NASDAQ,57.98,58.45,57.81,58.32,206731.0,2156.0
2014-05-30,JKHY,NASDAQ,58.27,58.44,57.93,57.99,367219.0,2921.0
2014-06-02,JKHY,NASDAQ,58.1,58.33,57.43,58.22,213871.0,2399.0
2014-06-03,JKHY,NASDAQ,58.01,58.11,57.535,57.78,303247.0,2921.0
2014-06-04,JKHY,NASDAQ,57.67,58.0,57.59,57.91,210240.0,2370.0
2014-06-05,JKHY,NASDAQ,58.13,58.655,57.55,58.3,301855.0,3262.0
2014-06-06,JKHY,NASDAQ,58.34,58.83,57.87,58.45,269435.0,2880.0
2014-06-09,JKHY,NASDAQ,58.44,59.21,58.44,59.1,307713.0,3041.0
2014-06-10,JKHY,NASDAQ,59.02,59.25,58.91,59.18,234501.0,2442.0
2014-06-11,JKHY,NASDAQ,59.09,59.31,58.77,59.1,240544.0,2726.0
2014-06-12,JKHY,NASDAQ,58.97,59.08,58.55,58.7,229798.0,2826.0
2014-06-13,JKHY,NASDAQ,58.85,59.34,58.65,59.06,180282.0,2046.0
2014-06-16,JKHY,NASDAQ,59.14,59.46,58.82,58.96,422910.0,3444.0
2014-06-17,JKHY,NASDAQ,59.0,60.015,58.84,59.47,386712.0,4008.0
2014-06-18,JKHY,NASDAQ,59.43,59.62,58.91,59.47,335087.0,2876.0
2014-06-19,JKHY,NASDAQ,59.67,59.67,59.07,59.24,365884.0,3374.0
2014-06-20,JKHY,NASDAQ,59.22,59.56,58.89,59.0,1418705.0,4667.0
2014-06-23,JKHY,NASDAQ,59.0,59.59,58.62,59.51,417733.0,4084.0
2014-06-24,JKHY,NASDAQ,59.52,59.74,58.99,58.99,495744.0,4410.0
2014-06-25,JKHY,NASDAQ,59.03,59.37,58.61,59.12,263337.0,3125.0
2014-06-26,JKHY,NASDAQ,59.02,59.23,58.6,58.86,402686.0,4241.0
2014-06-27,JKHY,NASDAQ,58.71,59.51,58.7,59.46,447430.0,2676.0
2014-06-30,JKHY,NASDAQ,59.55,59.67,58.99,59.43,323706.0,2936.0
2014-07-01,JKHY,NASDAQ,59.72,60.6,59.705,59.98,487424.0,4983.0
2014-07-02,JKHY,NASDAQ,60.09,60.55,59.35,59.77,567505.0,3411.0
2014-07-03,JKHY,NASDAQ,60.01,60.36,59.77,60.22,106639.0,1057.0
2014-07-07,JKHY,NASDAQ,60.0,60.39,59.67,60.24,423953.0,3071.0
2014-07-08,JKHY,NASDAQ,60.08,60.29,59.82,60.025,426713.0,2732.0
2014-07-09,JKHY,NASDAQ,60.09,60.2,59.4508,59.66,537740.0,3503.0
2014-07-10,JKHY,NASDAQ,58.81,59.38,58.23,59.19,352915.0,2951.0
2014-07-11,JKHY,NASDAQ,59.04,59.67,58.792,59.65,180463.0,1739.0
2014-07-14,JKHY,NASDAQ,60.07,60.08,59.66,59.7,258017.0,2324.0
2014-07-15,JKHY,NASDAQ,59.58,59.97,59.09,59.42,311696.0,3195.0
2014-07-16,JKHY,NASDAQ,59.65,59.89,58.97,59.42,413628.0,4209.0
2014-07-17,JKHY,NASDAQ,59.37,59.86,59.12,59.3,306911.0,3194.0
2014-07-18,JKHY,NASDAQ,59.41,60.16,59.31,60.08,207652.0,2409.0
2014-07-21,JKHY,NASDAQ,59.91,59.99,59.58,59.7,226702.0,1787.0
2014-07-22,JKHY,NASDAQ,59.8,60.2,59.541,60.13,222842.0,1977.0
2014-07-23,JKHY,NASDAQ,60.27,60.33,59.67,60.13,103633.0,1339.0
2014-07-24,JKHY,NASDAQ,60.04,60.84,60.04,60.28,222245.0,1755.0
2014-07-25,JKHY,NASDAQ,59.94,60.16,59.49,59.72,211157.0,2284.0
2014-07-28,JKHY,NASDAQ,59.75,59.81,59.09,59.59,190505.0,2505.0
2014-07-29,JKHY,NASDAQ,59.6,59.79,59.1,59.11,264990.0,2636.0
2014-07-30,JKHY,NASDAQ,59.24,59.74,59.14,59.72,214758.0,2345.0
2014-07-31,JKHY,NASDAQ,59.2,59.31,58.3201,58.35,260408.0,2456.0
2014-08-01,JKHY,NASDAQ,58.11,58.6,57.93,58.36,408610.0,3497.0
2014-08-04,JKHY,NASDAQ,58.38,59.015,58.03,58.92,389284.0,2694.0
2014-08-05,JKHY,NASDAQ,58.59,59.18,58.15,58.27,277417.0,2525.0
2014-08-06,JKHY,NASDAQ,58.0,58.37,57.791,58.16,239911.0,2348.0
2014-08-07,JKHY,NASDAQ,58.41,58.42,56.84,57.02,740625.0,6359.0
2014-08-08,JKHY,NASDAQ,57.04,57.89,56.54,57.74,239755.0,2623.0
2014-08-11,JKHY,NASDAQ,57.99,58.19,57.31,57.785,592940.0,6031.0
2014-08-12,JKHY,NASDAQ,57.52,58.08,57.34,57.67,449739.0,3969.0
2014-08-13,JKHY,NASDAQ,55.92,58.3,55.4,57.61,988836.0,8946.0
2014-08-14,JKHY,NASDAQ,57.51,57.51,56.64,56.88,596598.0,5737.0
2014-08-15,JKHY,NASDAQ,57.17,57.36,56.05,56.44,613791.0,6189.0
2014-08-18,JKHY,NASDAQ,56.64,57.51,56.465,57.38,370066.0,3889.0
2014-08-19,JKHY,NASDAQ,57.36,57.65,57.36,57.54,289426.0,3427.0
2014-08-20,JKHY,NASDAQ,57.28,57.5525,57.18,57.34,412691.0,4735.0
2014-08-21,JKHY,NASDAQ,57.31,57.73,57.31,57.59,414355.0,3773.0
2014-08-22,JKHY,NASDAQ,57.48,57.7299,57.01,57.23,278050.0,3373.0
2014-08-25,JKHY,NASDAQ,57.46,57.81,57.1676,57.76,403140.0,3384.0
2014-08-26,JKHY,NASDAQ,57.69,58.1,57.27,57.91,289494.0,2869.0
2014-08-27,JKHY,NASDAQ,57.79,58.04,57.3101,57.83,386291.0,3601.0
2014-08-28,JKHY,NASDAQ,57.49,58.17,57.3825,57.74,354661.0,3631.0
2014-08-29,JKHY,NASDAQ,57.72,58.13,57.655,57.81,270023.0,3360.0
2014-09-02,JKHY,NASDAQ,57.76,58.44,57.66,58.13,482318.0,5466.0
2014-09-03,JKHY,NASDAQ,58.01,58.21,57.75,58.07,355495.0,3540.0
2014-09-04,JKHY,NASDAQ,58.0,58.54,57.89,58.04,397721.0,4371.0
2014-09-05,JKHY,NASDAQ,58.11,58.33,57.755,58.04,357857.0,3793.0
2014-09-08,JKHY,NASDAQ,57.8,58.08,57.52,57.98,472307.0,5609.0
2014-09-09,JKHY,NASDAQ,57.82,58.11,57.47,57.87,400466.0,4617.0
2014-09-10,JKHY,NASDAQ,57.93,58.4,57.7,58.34,225089.0,2757.0
2014-09-11,JKHY,NASDAQ,58.02,58.3,58.0,58.2,314169.0,3388.0
2014-09-12,JKHY,NASDAQ,58.2,58.2,57.6,57.94,335230.0,3795.0
2014-09-15,JKHY,NASDAQ,58.01,58.24,57.47,57.55,268599.0,3004.0
2014-09-16,JKHY,NASDAQ,57.44,57.96,57.16,57.82,300252.0,3611.0
2014-09-17,JKHY,NASDAQ,57.74,57.8499,57.34,57.57,167638.0,2237.0
2014-09-18,JKHY,NASDAQ,57.66,57.835,57.52,57.81,162794.0,1682.0
2014-09-19,JKHY,NASDAQ,57.82,58.1,57.21,57.53,791920.0,3470.0
2014-09-22,JKHY,NASDAQ,57.42,57.42,56.59,56.59,220379.0,2632.0
2014-09-23,JKHY,NASDAQ,56.34,56.76,56.07,56.12,220118.0,2616.0
2014-09-24,JKHY,NASDAQ,56.01,56.9,55.84,56.78,231536.0,2396.0
2014-09-25,JKHY,NASDAQ,56.53,56.83,55.46,55.48,281597.0,3143.0
2014-09-26,JKHY,NASDAQ,55.54,55.58,55.23,55.505,278003.0,2842.0
2014-09-29,JKHY,NASDAQ,54.91,56.07,54.78,56.04,360443.0,3917.0
2014-09-30,JKHY,NASDAQ,55.98,56.07,55.56,55.66,298718.0,2820.0
2014-10-01,JKHY,NASDAQ,55.64,55.82,55.1,55.41,524507.0,5758.0
2014-10-02,JKHY,NASDAQ,55.35,55.89,55.13,55.73,348498.0,3077.0
2014-10-03,JKHY,NASDAQ,56.01,56.45,55.92,56.19,274795.0,2874.0
2014-10-06,JKHY,NASDAQ,56.38,56.46,55.996,56.05,253936.0,2775.0
2014-10-07,JKHY,NASDAQ,55.84,55.95,55.35,55.35,249654.0,2716.0
2014-10-08,JKHY,NASDAQ,55.26,56.29,54.98,56.18,345787.0,3920.0
2014-10-09,JKHY,NASDAQ,55.9,56.07,54.71,54.72,451494.0,4044.0
2014-10-10,JKHY,NASDAQ,54.56,54.989,53.52,53.54,370388.0,4740.0
2014-10-13,JKHY,NASDAQ,53.44,53.81,52.68,52.77,403302.0,4756.0
2014-10-14,JKHY,NASDAQ,53.0,53.92,52.51,52.79,422301.0,4535.0
2014-10-15,JKHY,NASDAQ,52.01,54.08,51.86,54.01,742660.0,7168.0
2014-10-16,JKHY,NASDAQ,53.2,54.48,53.16,54.31,718780.0,8865.0
2014-10-17,JKHY,NASDAQ,54.85,54.88,54.39,54.65,266799.0,3027.0
2014-10-20,JKHY,NASDAQ,54.45,54.82,54.03,54.805,230405.0,2431.0
2014-10-21,JKHY,NASDAQ,55.1,56.52,54.06,56.23,428241.0,4165.0
2014-10-22,JKHY,NASDAQ,56.44,56.99,56.03,56.46,461849.0,4762.0
2014-10-23,JKHY,NASDAQ,56.99,57.4,56.9,57.1,352484.0,3826.0
2014-10-24,JKHY,NASDAQ,57.3,57.75,56.5401,57.59,254544.0,2591.0
2014-10-27,JKHY,NASDAQ,57.59,57.7,57.01,57.56,264219.0,3075.0
2014-10-28,JKHY,NASDAQ,58.01,58.93,57.6,58.9,255179.0,2686.0
2014-10-29,JKHY,NASDAQ,58.84,59.33,58.21,58.76,301799.0,3575.0
2014-10-30,JKHY,NASDAQ,58.75,59.37,58.54,59.33,228890.0,2546.0
2014-10-31,JKHY,NASDAQ,60.0,60.05,59.22,59.82,334398.0,3399.0
2014-11-03,JKHY,NASDAQ,60.14,60.25,59.72,60.0,465276.0,4639.0
2014-11-04,JKHY,NASDAQ,60.07,60.24,59.5,60.08,523411.0,5305.0
2014-11-05,JKHY,NASDAQ,60.54,62.0,59.628,61.12,356662.0,3904.0
2014-11-06,JKHY,NASDAQ,61.0,61.39,60.72,61.09,281668.0,3184.0
2014-11-07,JKHY,NASDAQ,61.09,61.09,60.15,60.3,362907.0,3281.0
2014-11-10,JKHY,NASDAQ,60.44,60.94,60.24,60.89,213252.0,2343.0
2014-11-11,JKHY,NASDAQ,60.98,60.98,60.37,60.84,209583.0,2224.0
2014-11-12,JKHY,NASDAQ,60.67,60.97,60.43,60.83,325055.0,2782.0
2014-11-13,JKHY,NASDAQ,60.95,61.08,60.34,60.5,296429.0,2963.0
2014-11-14,JKHY,NASDAQ,60.65,61.24,60.22,60.26,300291.0,2936.0
2014-11-17,JKHY,NASDAQ,60.34,60.795,60.16,60.3,286544.0,2800.0
2014-11-18,JKHY,NASDAQ,60.54,61.06,60.42,60.67,341958.0,3805.0
2014-11-19,JKHY,NASDAQ,60.78,60.78,59.99,60.625,338005.0,3207.0
2014-11-20,JKHY,NASDAQ,60.22,61.07,60.22,60.9,221494.0,2663.0
2014-11-21,JKHY,NASDAQ,61.45,61.454,60.784,61.13,217345.0,2534.0
2014-11-24,JKHY,NASDAQ,61.53,61.75,60.97,61.62,270370.0,2731.0
2014-11-25,JKHY,NASDAQ,61.84,61.9,61.19,61.57,241113.0,2110.0
2014-11-26,JKHY,NASDAQ,61.71,61.79,61.15,61.7,246242.0,2455.0
2014-11-28,JKHY,NASDAQ,61.72,62.0,61.37,61.46,128130.0,1622.0
2014-12-01,JKHY,NASDAQ,61.07,62.46,61.01,61.61,508365.0,5766.0
2014-12-02,JKHY,NASDAQ,61.57,62.0,61.18,61.57,352212.0,3196.0
2014-12-03,JKHY,NASDAQ,61.64,62.029,61.07,61.9,386793.0,3611.0
2014-12-04,JKHY,NASDAQ,61.86,62.18,61.72,62.13,453732.0,3221.0
2014-12-05,JKHY,NASDAQ,62.16,62.18,61.86,62.04,281172.0,2281.0
2014-12-08,JKHY,NASDAQ,61.82,62.43,61.475,61.99,312885.0,3297.0
2014-12-09,JKHY,NASDAQ,61.15,62.18,61.1,62.08,307997.0,3223.0
2014-12-10,JKHY,NASDAQ,61.98,62.2,61.34,61.6,598482.0,5642.0
2014-12-11,JKHY,NASDAQ,61.96,62.42,61.53,61.89,270112.0,3168.0
2014-12-12,JKHY,NASDAQ,61.54,61.79,61.3,61.51,468184.0,4841.0
2014-12-15,JKHY,NASDAQ,61.72,62.08,61.21,61.75,434777.0,4649.0
2014-12-16,JKHY,NASDAQ,59.99,62.08,59.99,61.39,390394.0,4804.0
2014-12-17,JKHY,NASDAQ,61.65,62.29,60.75,62.25,351450.0,3577.0
2014-12-18,JKHY,NASDAQ,63.06,63.4,62.5557,63.39,241150.0,2671.0
2014-12-19,JKHY,NASDAQ,63.43,63.66,62.82,63.24,724985.0,2855.0
2014-12-22,JKHY,NASDAQ,63.22,63.53,62.99,63.37,215298.0,2287.0
2014-12-23,JKHY,NASDAQ,63.5,63.75,63.14,63.57,208148.0,2038.0
2014-12-24,JKHY,NASDAQ,63.48,63.7,63.25,63.5,114763.0,1128.0
2014-12-26,JKHY,NASDAQ,63.85,63.85,63.11,63.39,113637.0,1311.0
2014-12-29,JKHY,NASDAQ,63.15,63.815,63.07,63.67,185295.0,1692.0
2014-12-30,JKHY,NASDAQ,63.67,63.76,62.85,62.98,208650.0,2048.0
2014-12-31,JKHY,NASDAQ,63.26,63.35,62.09,62.14,172861.0,1307.0
2015-01-02,JKHY,NASDAQ,62.64,62.85,61.718,62.21,200771.0,2254.0
2015-01-05,JKHY,NASDAQ,61.91,61.98,61.2,61.63,202904.0,2397.0
2015-01-06,JKHY,NASDAQ,61.6,61.85,60.9148,61.41,264200.0,2915.0
2015-01-07,JKHY,NASDAQ,61.78,62.25,61.3,61.95,378484.0,3539.0
2015-01-08,JKHY,NASDAQ,62.58,63.38,62.19,63.23,227499.0,2219.0
2015-01-09,JKHY,NASDAQ,63.18,63.22,62.37,62.54,164912.0,1694.0
2015-01-12,JKHY,NASDAQ,62.68,63.1,62.06,63.0,236304.0,2324.0
2015-01-13,JKHY,NASDAQ,63.6,64.4,62.835,63.51,281066.0,2806.0
2015-01-14,JKHY,NASDAQ,62.74,63.35,62.428,63.18,166952.0,1772.0
2015-01-15,JKHY,NASDAQ,63.22,63.79,62.16,62.52,193322.0,2043.0
2015-01-16,JKHY,NASDAQ,62.36,63.65,62.13,63.53,185575.0,2098.0
2015-01-20,JKHY,NASDAQ,62.5,63.685,62.16,63.09,427232.0,4179.0
2015-01-21,JKHY,NASDAQ,62.92,63.29,62.41,63.2,287907.0,2777.0
2015-01-22,JKHY,NASDAQ,63.58,64.76,62.84,64.75,423264.0,4075.0
2015-01-23,JKHY,NASDAQ,64.71,65.07,64.08,64.14,328906.0,3256.0
2015-01-26,JKHY,NASDAQ,64.29,64.342,63.65,64.01,452083.0,3879.0
2015-01-27,JKHY,NASDAQ,63.49,63.72,62.91,63.19,324052.0,3315.0
2015-01-28,JKHY,NASDAQ,63.77,64.05,62.55,62.62,282593.0,2778.0
2015-01-29,JKHY,NASDAQ,62.84,62.84,62.03,62.65,448564.0,4408.0
2015-01-30,JKHY,NASDAQ,62.41,62.67,61.255,61.37,488870.0,4734.0
2015-02-02,JKHY,NASDAQ,61.77,62.23,60.6,61.95,638373.0,6168.0
2015-02-03,JKHY,NASDAQ,62.52,63.17,61.81,63.12,510137.0,4944.0
2015-02-04,JKHY,NASDAQ,63.9,65.0,61.36,62.44,713572.0,5746.0
2015-02-05,JKHY,NASDAQ,62.45,64.23,62.16,64.15,498140.0,4509.0
2015-02-06,JKHY,NASDAQ,64.19,64.52,63.33,63.58,413740.0,3133.0
2015-02-09,JKHY,NASDAQ,63.45,63.6,62.94,63.2,277003.0,2741.0
2015-02-10,JKHY,NASDAQ,63.56,64.4,63.29,64.31,498535.0,4035.0
2015-02-11,JKHY,NASDAQ,64.42,64.76,63.78,64.54,212541.0,2358.0
2015-02-12,JKHY,NASDAQ,65.13,65.26,64.56,65.26,285966.0,2636.0
2015-02-13,JKHY,NASDAQ,65.22,65.89,64.94,65.78,206765.0,1994.0
2015-02-17,JKHY,NASDAQ,66.65,66.72,65.58,66.13,392666.0,3669.0
2015-02-18,JKHY,NASDAQ,65.84,66.83,65.69,66.79,330902.0,3709.0
2015-02-19,JKHY,NASDAQ,67.25,67.25,66.45,66.7,227585.0,2461.0
2015-02-20,JKHY,NASDAQ,66.65,67.4,66.06,67.26,273309.0,2461.0
2015-02-23,JKHY,NASDAQ,67.3,67.3,66.67,66.82,221299.0,2170.0
2015-02-24,JKHY,NASDAQ,66.96,67.3,66.58,67.23,227189.0,2032.0
2015-02-25,JKHY,NASDAQ,67.26,67.43,66.6,66.85,211822.0,2315.0
2015-02-26,JKHY,NASDAQ,67.01,67.21,66.31,66.43,230851.0,2388.0
2015-02-27,JKHY,NASDAQ,66.18,66.31,65.44,65.5,256972.0,2613.0
2015-03-02,JKHY,NASDAQ,67.39,67.39,65.75,67.05,546921.0,4390.0
2015-03-03,JKHY,NASDAQ,67.01,67.0499,66.52,66.58,390765.0,3081.0
2015-03-04,JKHY,NASDAQ,66.46,66.77,66.07,66.21,324478.0,2541.0
2015-03-05,JKHY,NASDAQ,66.47,67.07,65.94,67.01,253377.0,2753.0
2015-03-06,JKHY,NASDAQ,66.6,66.96,66.11,66.38,207886.0,2030.0
2015-03-09,JKHY,NASDAQ,66.58,67.6799,66.15,66.84,258025.0,2322.0
2015-03-10,JKHY,NASDAQ,66.12,66.38,65.79,65.97,342893.0,3477.0
2015-03-11,JKHY,NASDAQ,66.22,66.52,65.85,66.47,357331.0,2309.0
2015-03-12,JKHY,NASDAQ,66.84,67.7,66.59,67.53,272396.0,2592.0
2015-03-13,JKHY,NASDAQ,67.5,67.5,66.33,66.61,297241.0,2416.0
2015-03-16,JKHY,NASDAQ,66.98,67.7,66.79,67.67,314190.0,2789.0
2015-03-17,JKHY,NASDAQ,67.46,67.8,67.28,67.68,330168.0,2782.0
2015-03-18,JKHY,NASDAQ,67.45,69.04,67.185,68.86,381456.0,3442.0
2015-03-19,JKHY,NASDAQ,68.87,69.51,68.31,69.35,295775.0,2986.0
2015-03-20,JKHY,NASDAQ,69.67,70.18,69.34,69.97,677527.0,3300.0
2015-03-23,JKHY,NASDAQ,69.87,70.01,69.52,70.01,386612.0,2888.0
2015-03-24,JKHY,NASDAQ,69.81,69.81,68.95,69.38,479204.0,4572.0
2015-03-25,JKHY,NASDAQ,69.34,69.57,68.3764,68.47,642611.0,4780.0
2015-03-26,JKHY,NASDAQ,68.06,69.08,67.79,68.84,281881.0,3203.0
2015-03-27,JKHY,NASDAQ,68.94,68.9535,68.3,68.68,216097.0,2480.0
2015-03-30,JKHY,NASDAQ,68.96,70.1,68.85,69.67,253549.0,2521.0
2015-03-31,JKHY,NASDAQ,69.58,69.91,69.49,69.89,647372.0,3450.0
2015-04-01,JKHY,NASDAQ,70.01,70.01,68.68,69.61,314090.0,3552.0
2015-04-02,JKHY,NASDAQ,69.64,70.25,69.41,69.69,356131.0,3345.0
2015-04-06,JKHY,NASDAQ,69.37,70.23,69.34,70.09,429239.0,3354.0
2015-04-07,JKHY,NASDAQ,70.06,70.184,69.18,69.33,291901.0,2796.0
2015-04-08,JKHY,NASDAQ,69.46,69.51,68.58,69.07,491011.0,4391.0
2015-04-09,JKHY,NASDAQ,68.85,69.19,67.89,68.42,511550.0,4690.0
2015-04-10,JKHY,NASDAQ,68.62,68.73,67.7713,68.03,366614.0,3060.0
2015-04-13,JKHY,NASDAQ,68.0,68.51,67.8,68.15,348681.0,2929.0
2015-04-14,JKHY,NASDAQ,68.03,68.45,67.65,68.41,363833.0,2939.0
2015-04-15,JKHY,NASDAQ,68.66,68.88,67.62,67.62,369868.0,3809.0
2015-04-16,JKHY,NASDAQ,67.46,67.63,67.08,67.33,275325.0,3265.0
2015-04-17,JKHY,NASDAQ,67.11,67.12,66.17,66.69,216803.0,2507.0
2015-04-20,JKHY,NASDAQ,67.24,67.59,66.88,67.1,223642.0,2189.0
2015-04-21,JKHY,NASDAQ,67.26,67.85,67.13,67.7,402248.0,2851.0
2015-04-22,JKHY,NASDAQ,67.69,68.1,67.42,68.03,185773.0,1909.0
2015-04-23,JKHY,NASDAQ,67.95,68.3799,67.74,68.14,237423.0,2063.0
2015-04-24,JKHY,NASDAQ,68.07,68.07,67.2,67.45,356781.0,3138.0
2015-04-27,JKHY,NASDAQ,67.49,67.74,66.97,67.25,255176.0,2468.0
2015-04-28,JKHY,NASDAQ,67.09,68.01,66.94,67.95,226494.0,2579.0
2015-04-29,JKHY,NASDAQ,67.56,68.26,67.26,67.46,272464.0,3071.0
2015-04-30,JKHY,NASDAQ,67.08,67.58,66.355,66.51,334582.0,2683.0
2015-05-01,JKHY,NASDAQ,66.73,67.41,66.2245,66.96,155644.0,1871.0
2015-05-04,JKHY,NASDAQ,66.98,67.58,66.98,67.2,259937.0,2609.0
2015-05-05,JKHY,NASDAQ,67.05,67.51,66.14,66.28,383072.0,3117.0
2015-05-06,JKHY,NASDAQ,66.27,67.2,66.11,67.09,312215.0,3508.0
2015-05-07,JKHY,NASDAQ,61.65,66.27,60.1,66.0,1307597.0,9134.0
2015-05-08,JKHY,NASDAQ,65.8,66.56,64.445,65.08,772750.0,6519.0
2015-05-11,JKHY,NASDAQ,64.84,65.46,64.59,65.15,412651.0,3457.0
2015-05-12,JKHY,NASDAQ,64.88,65.28,64.16,65.0,331342.0,3056.0
2015-05-13,JKHY,NASDAQ,65.28,65.7899,64.9,65.01,271013.0,2355.0
2015-05-14,JKHY,NASDAQ,65.18,65.67,64.875,65.61,315462.0,2903.0
2015-05-15,JKHY,NASDAQ,65.45,65.94,64.82,65.03,408164.0,3785.0
2015-05-18,JKHY,NASDAQ,65.03,65.8,64.735,65.69,346318.0,2927.0
2015-05-19,JKHY,NASDAQ,65.81,66.24,65.07,65.62,273489.0,2631.0
2015-05-20,JKHY,NASDAQ,65.58,66.01,65.35,65.37,192636.0,2194.0
2015-05-21,JKHY,NASDAQ,65.2,65.5,64.7904,64.99,449749.0,3489.0
2015-05-22,JKHY,NASDAQ,64.99,65.46,64.77,65.1,360697.0,2673.0
2015-05-26,JKHY,NASDAQ,64.57,65.23,64.12,64.2,480103.0,4078.0
2015-05-27,JKHY,NASDAQ,64.2,65.19,63.925,65.15,364970.0,3292.0
2015-05-28,JKHY,NASDAQ,65.07,65.35,64.76,65.09,167108.0,1713.0
2015-05-29,JKHY,NASDAQ,65.11,65.29,64.37,65.08,369968.0,2730.0
2015-06-01,JKHY,NASDAQ,65.33,65.67,64.4,65.1,366346.0,2842.0
2015-06-02,JKHY,NASDAQ,64.83,65.34,64.36,65.1,247216.0,2511.0
2015-06-03,JKHY,NASDAQ,65.23,65.95,64.79,65.74,302079.0,2683.0
2015-06-04,JKHY,NASDAQ,65.47,65.87,64.94,64.98,276827.0,2421.0
2015-06-05,JKHY,NASDAQ,64.98,65.405,64.43,65.38,195228.0,2037.0
2015-06-08,JKHY,NASDAQ,65.42,65.96,64.89,65.04,228440.0,2270.0
2015-06-09,JKHY,NASDAQ,65.18,65.18,64.52,64.79,248198.0,2223.0
2015-06-10,JKHY,NASDAQ,64.88,65.72,64.78,65.22,339316.0,3211.0
2015-06-11,JKHY,NASDAQ,65.35,65.97,65.26,65.93,251405.0,1720.0
2015-06-12,JKHY,NASDAQ,65.69,65.96,65.33,65.53,261635.0,1919.0
2015-06-15,JKHY,NASDAQ,65.31,65.31,64.51,65.05,181804.0,1586.0
2015-06-16,JKHY,NASDAQ,64.97,66.15,64.865,65.71,393218.0,3370.0
2015-06-17,JKHY,NASDAQ,65.7,65.96,65.24,65.25,223797.0,2419.0
2015-06-18,JKHY,NASDAQ,65.36,66.15,65.02,66.14,225887.0,2439.0
2015-06-19,JKHY,NASDAQ,66.42,67.05,65.89,66.14,427665.0,2596.0
2015-06-22,JKHY,NASDAQ,66.45,66.45,65.69,66.02,355794.0,2858.0
2015-06-23,JKHY,NASDAQ,66.19,66.25,65.47,65.71,349443.0,2648.0
2015-06-24,JKHY,NASDAQ,65.44,65.95,65.38,65.83,274318.0,2248.0
2015-06-25,JKHY,NASDAQ,65.85,66.37,65.8,66.09,271369.0,2360.0
2015-06-26,JKHY,NASDAQ,65.98,66.534,65.73,66.05,892274.0,5630.0
2015-06-29,JKHY,NASDAQ,65.65,66.02,65.01,65.36,735376.0,6261.0
2015-06-30,JKHY,NASDAQ,65.78,65.89,64.57,64.7,661389.0,5776.0
2015-07-01,JKHY,NASDAQ,64.76,65.77,64.76,65.68,341791.0,3427.0
2015-07-02,JKHY,NASDAQ,65.84,66.045,65.14,65.64,287863.0,2790.0
2015-07-06,JKHY,NASDAQ,64.99,65.9,64.515,65.8,650712.0,3971.0
2015-07-07,JKHY,NASDAQ,65.59,66.02,65.06,65.94,331681.0,4010.0
2015-07-08,JKHY,NASDAQ,65.35,65.79,65.04,65.72,548485.0,4645.0
2015-07-09,JKHY,NASDAQ,66.09,66.34,65.82,65.97,465366.0,3396.0
2015-07-10,JKHY,NASDAQ,66.55,66.92,66.11,66.86,329544.0,3428.0
2015-07-13,JKHY,NASDAQ,67.41,67.43,66.97,67.15,384940.0,3449.0
2015-07-14,JKHY,NASDAQ,67.5,67.77,67.42,67.65,280400.0,2928.0
2015-07-15,JKHY,NASDAQ,67.62,68.22,67.4501,68.03,300008.0,3125.0
2015-07-16,JKHY,NASDAQ,68.29,68.97,68.1,68.93,536677.0,3174.0
2015-07-17,JKHY,NASDAQ,69.15,69.368,68.25,68.42,366331.0,3409.0
2015-07-20,JKHY,NASDAQ,68.74,69.23,68.61,69.05,360906.0,2948.0
2015-07-21,JKHY,NASDAQ,69.27,69.27,68.41,68.91,354647.0,3183.0
2015-07-22,JKHY,NASDAQ,69.06,69.81,68.94,69.7,398046.0,2971.0
2015-07-23,JKHY,NASDAQ,69.7,70.0,69.2,69.38,365335.0,3067.0
2015-07-24,JKHY,NASDAQ,69.61,69.87,69.06,69.42,407828.0,2699.0
2015-07-27,JKHY,NASDAQ,68.97,69.22,68.51,68.76,231364.0,2506.0
2015-07-28,JKHY,NASDAQ,68.91,69.26,68.5,69.1,286948.0,2834.0
2015-07-29,JKHY,NASDAQ,68.97,70.03,68.97,69.95,248321.0,2090.0
2015-07-30,JKHY,NASDAQ,69.73,70.5,67.8101,70.09,394121.0,3266.0
2015-07-31,JKHY,NASDAQ,70.41,70.42,69.73,69.86,351237.0,3408.0
2015-08-03,JKHY,NASDAQ,69.9,69.9,69.175,69.71,245591.0,2838.0
2015-08-04,JKHY,NASDAQ,69.82,70.36,69.79,69.97,235795.0,2523.0
2015-08-05,JKHY,NASDAQ,70.22,70.78,70.15,70.45,186429.0,1854.0
2015-08-06,JKHY,NASDAQ,70.4,70.81,69.5,69.72,342326.0,3622.0
2015-08-07,JKHY,NASDAQ,69.67,70.48,69.64,70.24,300897.0,2786.0
2015-08-10,JKHY,NASDAQ,70.75,71.3599,70.39,71.11,267333.0,2584.0
2015-08-11,JKHY,NASDAQ,70.42,71.01,69.97,70.23,294887.0,3194.0
2015-08-12,JKHY,NASDAQ,70.1,70.99,69.07,70.83,339915.0,3064.0
2015-08-13,JKHY,NASDAQ,70.58,71.57,70.38,71.31,210823.0,2062.0
2015-08-14,JKHY,NASDAQ,71.03,71.47,70.8,71.22,251143.0,2637.0
2015-08-17,JKHY,NASDAQ,71.02,71.65,70.52,71.63,284116.0,2850.0
2015-08-18,JKHY,NASDAQ,71.48,71.75,71.39,71.59,110541.0,1571.0
2015-08-19,JKHY,NASDAQ,71.41,71.5599,70.81,71.22,138593.0,1698.0
2015-08-20,JKHY,NASDAQ,70.97,71.37,70.13,70.14,228574.0,2429.0
2015-08-21,JKHY,NASDAQ,69.68,70.0,68.25,68.27,431784.0,4329.0
2015-08-24,JKHY,NASDAQ,65.5,67.632,63.84,65.95,663267.0,6217.0
2015-08-25,JKHY,NASDAQ,67.76,67.76,65.83,65.88,458356.0,5184.0
2015-08-26,JKHY,NASDAQ,67.83,69.15,66.0,68.71,1155611.0,9398.0
2015-08-27,JKHY,NASDAQ,69.25,69.505,67.3,67.82,681296.0,7244.0
2015-08-28,JKHY,NASDAQ,67.4,68.83,67.4,68.78,336568.0,3352.0
2015-08-31,JKHY,NASDAQ,68.5,68.53,67.74,67.96,337942.0,3509.0
2015-09-01,JKHY,NASDAQ,66.88,67.14,65.07,65.61,779095.0,6450.0
2015-09-02,JKHY,NASDAQ,66.24,66.98,65.35,66.9,560811.0,5006.0
2015-09-03,JKHY,NASDAQ,67.12,67.69,67.08,67.47,476769.0,5040.0
2015-09-04,JKHY,NASDAQ,66.8,67.14,66.0,66.44,210954.0,2333.0
2015-09-08,JKHY,NASDAQ,67.46,68.4,66.64,68.35,345925.0,3744.0
2015-09-09,JKHY,NASDAQ,68.9,69.07,67.59,67.67,465411.0,3858.0
2015-09-10,JKHY,NASDAQ,67.47,68.76,67.31,68.12,360314.0,3796.0
2015-09-11,JKHY,NASDAQ,67.87,69.13,67.77,69.1,371903.0,3717.0
2015-09-14,JKHY,NASDAQ,69.22,69.22,68.4746,68.59,293977.0,2996.0
2015-09-15,JKHY,NASDAQ,68.7,69.64,68.46,69.59,282521.0,3111.0
2015-09-16,JKHY,NASDAQ,69.54,70.2,69.31,70.08,192863.0,2360.0
2015-09-17,JKHY,NASDAQ,70.12,70.84,69.81,70.0,243516.0,3085.0
2015-09-18,JKHY,NASDAQ,68.93,69.84,68.92,69.51,2215763.0,3454.0
2015-09-21,JKHY,NASDAQ,69.9,70.95,69.675,70.0,258735.0,3985.0
2015-09-22,JKHY,NASDAQ,69.5,69.8847,68.96,69.56,487416.0,4702.0
2015-09-23,JKHY,NASDAQ,69.83,70.05,69.31,69.82,156065.0,1655.0
2015-09-24,JKHY,NASDAQ,69.25,69.92,68.93,69.61,237860.0,2311.0
2015-09-25,JKHY,NASDAQ,70.21,70.82,69.6,69.93,372696.0,3458.0
2015-09-28,JKHY,NASDAQ,69.6,69.99,68.41,68.45,329643.0,3040.0
2015-09-29,JKHY,NASDAQ,68.33,69.15,68.09,68.89,572285.0,4995.0
2015-09-30,JKHY,NASDAQ,69.55,69.9,69.01,69.61,314501.0,2467.0
2015-10-01,JKHY,NASDAQ,69.75,69.89,69.04,69.67,281956.0,3002.0
2015-10-02,JKHY,NASDAQ,68.64,70.91,68.31,70.87,369902.0,4286.0
2015-10-05,JKHY,NASDAQ,71.46,72.29,71.065,72.09,423121.0,3303.0
2015-10-06,JKHY,NASDAQ,72.14,72.35,71.44,71.97,394623.0,3846.0
2015-10-07,JKHY,NASDAQ,72.17,72.58,71.86,72.57,550306.0,4906.0
2015-10-08,JKHY,NASDAQ,72.47,73.56,72.17,73.51,337311.0,3165.0
2015-10-09,JKHY,NASDAQ,73.72,73.93,73.43,73.89,186741.0,2096.0
2015-10-12,JKHY,NASDAQ,74.13,75.032,73.89,74.08,219615.0,2593.0
2015-10-13,JKHY,NASDAQ,73.5,74.13,73.44,73.55,218881.0,2532.0
2015-10-14,JKHY,NASDAQ,73.5,74.12,72.95,73.03,232483.0,2754.0
2015-10-15,JKHY,NASDAQ,73.12,73.6,73.03,73.4,251209.0,2290.0
2015-10-16,JKHY,NASDAQ,73.28,73.635,73.09,73.54,200437.0,2231.0
2015-10-19,JKHY,NASDAQ,73.35,74.21,73.2585,74.09,386946.0,3445.0
2015-10-20,JKHY,NASDAQ,74.0,74.22,73.88,74.0,285130.0,2656.0
2015-10-21,JKHY,NASDAQ,74.1,74.29,73.3101,73.37,129865.0,1670.0
2015-10-22,JKHY,NASDAQ,73.85,75.71,73.8,75.22,446569.0,4271.0
2015-10-23,JKHY,NASDAQ,75.52,76.13,74.94,76.1,211624.0,2434.0
2015-10-26,JKHY,NASDAQ,76.0,76.55,75.76,76.33,259653.0,2535.0
2015-10-27,JKHY,NASDAQ,75.97,76.44,75.26,75.41,374176.0,3788.0
2015-10-28,JKHY,NASDAQ,75.52,77.46,75.47,77.46,291393.0,3368.0
2015-10-29,JKHY,NASDAQ,77.1,77.78,76.93,77.71,257911.0,2467.0
2015-10-30,JKHY,NASDAQ,77.92,78.275,77.34,77.34,294317.0,2760.0
2015-11-02,JKHY,NASDAQ,77.3,77.93,76.67,77.55,281401.0,3105.0
2015-11-03,JKHY,NASDAQ,77.12,77.73,77.07,77.13,293112.0,2481.0
2015-11-04,JKHY,NASDAQ,77.18,77.995,77.075,77.59,487319.0,3755.0
2015-11-05,JKHY,NASDAQ,77.55,78.69,76.7426,77.19,389616.0,3543.0
2015-11-06,JKHY,NASDAQ,77.41,77.93,76.76,77.87,417178.0,3550.0
2015-11-09,JKHY,NASDAQ,77.91,78.77,77.57,78.5,436056.0,4604.0
2015-11-10,JKHY,NASDAQ,78.33,78.69,78.01,78.39,527054.0,4908.0
2015-11-11,JKHY,NASDAQ,78.69,78.9899,77.94,78.0,678186.0,5454.0
2015-11-12,JKHY,NASDAQ,77.57,78.19,77.13,77.31,250448.0,2778.0
2015-11-13,JKHY,NASDAQ,77.03,77.976,76.52,76.89,332632.0,3774.0
2015-11-16,JKHY,NASDAQ,76.87,78.61,76.87,78.57,523406.0,5122.0
2015-11-17,JKHY,NASDAQ,78.39,79.5,78.25,78.77,232527.0,2932.0
2015-11-18,JKHY,NASDAQ,78.96,79.63,78.47,79.57,216583.0,2432.0
2015-11-19,JKHY,NASDAQ,79.47,79.825,78.65,79.1,355650.0,3467.0
2015-11-20,JKHY,NASDAQ,79.41,79.62,79.01,79.17,276834.0,3120.0
2015-11-23,JKHY,NASDAQ,79.26,79.85,78.79,78.84,348521.0,3850.0
2015-11-24,JKHY,NASDAQ,78.35,78.97,78.04,78.64,688391.0,6220.0
2015-11-25,JKHY,NASDAQ,78.62,79.29,78.5,78.7,191927.0,2288.0
2015-11-27,JKHY,NASDAQ,78.58,78.81,78.26,78.78,142410.0,1468.0
2015-11-30,JKHY,NASDAQ,78.99,79.51,78.6,79.38,503987.0,3997.0
2015-12-01,JKHY,NASDAQ,79.63,79.91,79.2,79.58,349873.0,3198.0
2015-12-02,JKHY,NASDAQ,79.49,79.92,78.87,79.14,319833.0,3320.0
2015-12-03,JKHY,NASDAQ,79.15,79.23,78.33,78.94,545600.0,5361.0
2015-12-04,JKHY,NASDAQ,78.92,79.72,78.63,79.0,424229.0,4342.0
2015-12-07,JKHY,NASDAQ,78.99,79.28,78.23,78.87,537151.0,4847.0
2015-12-08,JKHY,NASDAQ,78.29,78.56,77.785,78.22,645487.0,5915.0
2015-12-09,JKHY,NASDAQ,77.75,78.22,76.88,77.68,503468.0,5667.0
2015-12-10,JKHY,NASDAQ,77.74,78.3,77.5,77.93,387907.0,4363.0
2015-12-11,JKHY,NASDAQ,77.14,77.77,76.9901,77.4,536349.0,4326.0
2015-12-14,JKHY,NASDAQ,77.48,78.04,76.94,77.83,490032.0,4331.0
2015-12-15,JKHY,NASDAQ,78.25,78.405,77.62,78.13,852824.0,4097.0
2015-12-16,JKHY,NASDAQ,78.45,78.845,77.33,77.74,754169.0,5558.0
2015-12-17,JKHY,NASDAQ,77.69,78.03,76.77,77.22,323087.0,3394.0
2015-12-18,JKHY,NASDAQ,77.22,77.84,76.69,77.53,1237627.0,6065.0
2015-12-21,JKHY,NASDAQ,77.86,78.15,76.88,77.51,267255.0,2558.0
2015-12-22,JKHY,NASDAQ,77.66,77.84,76.79,77.76,314524.0,3068.0
2015-12-23,JKHY,NASDAQ,78.18,78.48,77.69,77.92,487536.0,2830.0
2015-12-24,JKHY,NASDAQ,78.07,78.37,77.655,78.14,199933.0,2155.0
2015-12-28,JKHY,NASDAQ,77.81,78.44,77.69,78.42,548036.0,4512.0
2015-12-29,JKHY,NASDAQ,78.62,79.44,78.47,79.25,441434.0,2940.0
2015-12-30,JKHY,NASDAQ,79.32,79.64,78.93,78.99,221371.0,2482.0
2015-12-31,JKHY,NASDAQ,78.77,79.09,78.03,78.06,498515.0,3544.0
2016-01-04,JKHY,NASDAQ,76.82,76.83,76.08,76.53,501902.0,4673.0
2016-01-05,JKHY,NASDAQ,76.57,77.83,76.455,77.65,376254.0,4032.0
2016-01-06,JKHY,NASDAQ,76.92,78.01,76.82,77.71,512126.0,4532.0
2016-01-07,JKHY,NASDAQ,76.58,77.26,76.0,76.88,512834.0,5525.0
2016-01-08,JKHY,NASDAQ,77.07,77.28,76.34,76.45,702156.0,6117.0
2016-01-11,JKHY,NASDAQ,76.94,77.18,76.35,76.73,738702.0,6187.0
2016-01-12,JKHY,NASDAQ,77.12,78.08,76.8,77.9,599953.0,5383.0
2016-01-13,JKHY,NASDAQ,78.05,78.05,75.64,75.78,842024.0,7174.0
2016-01-14,JKHY,NASDAQ,75.94,77.45,75.56,77.12,685665.0,6792.0
2016-01-15,JKHY,NASDAQ,75.64,77.88,74.03,74.53,715654.0,7503.0
2016-01-19,JKHY,NASDAQ,75.37,76.025,74.56,75.62,516955.0,5277.0
2016-01-20,JKHY,NASDAQ,74.68,75.56,73.19,75.14,638599.0,6533.0
2016-01-21,JKHY,NASDAQ,75.28,77.0,74.92,76.55,895571.0,6999.0
2016-01-22,JKHY,NASDAQ,77.51,78.74,76.9925,78.32,869703.0,7053.0
2016-01-25,JKHY,NASDAQ,77.88,78.29,77.17,77.38,534360.0,5061.0
2016-01-26,JKHY,NASDAQ,77.51,78.115,76.03,77.98,430991.0,4132.0
2016-01-27,JKHY,NASDAQ,77.87,78.8,75.0001,77.92,540177.0,4379.0
2016-01-28,JKHY,NASDAQ,78.88,78.96,77.525,78.15,436446.0,5044.0
2016-01-29,JKHY,NASDAQ,78.57,81.28,78.39,81.18,777916.0,6504.0
2016-02-01,JKHY,NASDAQ,81.22,82.16,80.85,81.34,530304.0,5097.0
2016-02-02,JKHY,NASDAQ,80.88,81.54,80.32,80.71,608829.0,5662.0
2016-02-03,JKHY,NASDAQ,80.79,82.89,78.62,79.88,996771.0,9620.0
2016-02-04,JKHY,NASDAQ,79.44,79.8,76.07,79.75,598058.0,5425.0
2016-02-05,JKHY,NASDAQ,79.75,79.89,78.02,78.61,671983.0,6209.0
2016-02-08,JKHY,NASDAQ,77.98,78.175,76.09,76.57,675364.0,6702.0
2016-02-09,JKHY,NASDAQ,75.61,77.11,75.0,76.6,619344.0,6278.0
2016-02-10,JKHY,NASDAQ,77.04,78.25,76.5481,77.3,436520.0,4425.0
2016-02-11,JKHY,NASDAQ,76.06,77.45,75.87,77.01,357867.0,3716.0
2016-02-12,JKHY,NASDAQ,77.5,79.44,77.05,79.29,652598.0,5444.0
2016-02-16,JKHY,NASDAQ,80.54,81.32,80.54,80.97,824106.0,7566.0
2016-02-17,JKHY,NASDAQ,81.23,81.7,79.58,80.02,490524.0,4923.0
2016-02-18,JKHY,NASDAQ,80.45,82.13,80.04,82.11,639139.0,5451.0
2016-02-19,JKHY,NASDAQ,82.01,83.29,81.79,83.01,389004.0,3869.0
2016-02-22,JKHY,NASDAQ,83.68,84.7,83.62,84.3,658824.0,5296.0
2016-02-23,JKHY,NASDAQ,84.13,84.66,83.54,83.57,764361.0,7018.0
2016-02-24,JKHY,NASDAQ,83.18,84.15,82.375,83.91,350787.0,4088.0
2016-02-25,JKHY,NASDAQ,83.99,84.42,83.3,84.41,276251.0,2959.0
2016-02-26,JKHY,NASDAQ,84.75,85.03,82.8,83.24,904968.0,4078.0
2016-02-29,JKHY,NASDAQ,83.17,83.75,82.14,82.24,577876.0,5527.0
2016-03-01,JKHY,NASDAQ,82.63,83.04,81.83,82.75,689948.0,6455.0
2016-03-02,JKHY,NASDAQ,82.82,82.83,81.28,82.1,459528.0,4911.0
2016-03-03,JKHY,NASDAQ,81.92,82.3,81.49,82.12,472043.0,4089.0
2016-03-04,JKHY,NASDAQ,82.08,82.43,81.01,82.2,406798.0,4270.0
2016-03-07,JKHY,NASDAQ,81.79,82.17,81.39,81.94,344380.0,3777.0
2016-03-08,JKHY,NASDAQ,81.435,81.82,80.9,80.99,387062.0,4618.0
2016-03-09,JKHY,NASDAQ,81.31,81.59,80.83,81.02,545939.0,4652.0
2016-03-10,JKHY,NASDAQ,81.2,82.14,80.71,81.09,909676.0,6412.0
2016-03-11,JKHY,NASDAQ,81.14,82.1,80.941,81.38,298114.0,3029.0
2016-03-14,JKHY,NASDAQ,80.95,81.4045,80.66,81.23,817908.0,6458.0
2016-03-15,JKHY,NASDAQ,80.87,82.0904,80.87,81.2,427626.0,3834.0
2016-03-16,JKHY,NASDAQ,80.96,82.23,80.8525,82.07,272835.0,2944.0
2016-03-17,JKHY,NASDAQ,81.84,83.26,81.84,82.86,340860.0,3981.0
2016-03-18,JKHY,NASDAQ,82.48,82.99,81.82,82.83,641556.0,3757.0
2016-03-21,JKHY,NASDAQ,82.69,83.22,82.3,82.77,231264.0,2577.0
2016-03-22,JKHY,NASDAQ,82.55,83.194,82.301,82.92,282617.0,2661.0
2016-03-23,JKHY,NASDAQ,82.94,83.34,82.56,82.97,315913.0,3382.0
2016-03-24,JKHY,NASDAQ,82.58,83.11,82.42,82.99,208799.0,2618.0
2016-03-28,JKHY,NASDAQ,82.9,83.4,82.72,83.02,256886.0,2525.0
2016-03-29,JKHY,NASDAQ,82.66,84.56,82.58,84.46,344360.0,3946.0
2016-03-30,JKHY,NASDAQ,84.62,86.23,84.62,85.96,498118.0,5000.0
2016-03-31,JKHY,NASDAQ,85.71,86.14,84.43,84.57,901119.0,5772.0
2016-04-01,JKHY,NASDAQ,84.22,85.38,84.13,85.13,668882.0,6155.0
2016-04-04,JKHY,NASDAQ,85.08,85.2,83.9801,84.1,322048.0,3776.0
2016-04-05,JKHY,NASDAQ,83.5,84.07,83.29,83.5,340729.0,3244.0
2016-04-06,JKHY,NASDAQ,83.33,84.52,83.31,84.41,481240.0,4171.0
2016-04-07,JKHY,NASDAQ,83.88,83.96,83.04,83.74,543233.0,3762.0
2016-04-08,JKHY,NASDAQ,84.14,84.495,83.35,83.49,251833.0,2779.0
2016-04-11,JKHY,NASDAQ,84.1,84.61,82.6,82.66,314028.0,2799.0
2016-04-12,JKHY,NASDAQ,82.92,82.92,81.5,82.17,382768.0,4351.0
2016-04-13,JKHY,NASDAQ,82.7,82.96,81.87,82.55,325049.0,3900.0
2016-04-14,JKHY,NASDAQ,82.41,82.78,81.82,82.25,385100.0,3664.0
2016-04-15,JKHY,NASDAQ,82.35,82.7,81.99,82.41,369977.0,3591.0
2016-04-18,JKHY,NASDAQ,81.91,82.65,81.91,82.47,361415.0,4105.0
2016-04-19,JKHY,NASDAQ,83.16,83.52,82.3,83.33,356658.0,4321.0
2016-04-20,JKHY,NASDAQ,83.13,83.7,82.57,83.09,255942.0,3095.0
2016-04-21,JKHY,NASDAQ,83.15,83.15,82.08,82.1,348733.0,3894.0
2016-04-22,JKHY,NASDAQ,82.05,82.48,81.26,81.88,302658.0,2947.0
2016-04-25,JKHY,NASDAQ,81.78,82.35,80.9801,81.89,367791.0,3515.0
2016-04-26,JKHY,NASDAQ,81.9,82.605,81.333,82.23,261434.0,2790.0
2016-04-27,JKHY,NASDAQ,82.09,82.82,81.298,82.13,342776.0,3630.0
2016-04-28,JKHY,NASDAQ,82.02,82.99,81.715,81.94,370272.0,4197.0
2016-04-29,JKHY,NASDAQ,81.84,81.86,80.66,81.03,292411.0,3474.0
2016-05-02,JKHY,NASDAQ,81.05,82.39,81.05,82.35,365162.0,4180.0
2016-05-03,JKHY,NASDAQ,81.57,82.7,80.6793,81.45,465549.0,4745.0
2016-05-04,JKHY,NASDAQ,80.49,84.13,80.437,83.08,678763.0,7001.0
2016-05-05,JKHY,NASDAQ,83.37,83.89,82.76,82.81,504857.0,5229.0
2016-05-06,JKHY,NASDAQ,82.69,83.81,82.23,83.6,360573.0,4019.0
2016-05-09,JKHY,NASDAQ,83.54,84.51,82.6,84.1,348063.0,3346.0
2016-05-10,JKHY,NASDAQ,84.17,84.89,83.9675,84.75,200330.0,2406.0
2016-05-11,JKHY,NASDAQ,84.6,84.88,83.5,83.59,680612.0,5391.0
2016-05-12,JKHY,NASDAQ,84.1,84.58,83.73,84.43,301853.0,2971.0
2016-05-13,JKHY,NASDAQ,84.04,84.46,83.23,83.69,337899.0,3919.0
2016-05-16,JKHY,NASDAQ,83.86,85.28,83.79,84.71,353568.0,3481.0
2016-05-17,JKHY,NASDAQ,84.55,85.1,83.6,83.82,334513.0,3573.0
2016-05-18,JKHY,NASDAQ,83.57,84.16,82.94,83.57,450932.0,5182.0
2016-05-19,JKHY,NASDAQ,83.4,83.73,81.96,82.85,398397.0,4154.0
2016-05-20,JKHY,NASDAQ,83.34,83.54,82.785,83.06,434891.0,4510.0
2016-05-23,JKHY,NASDAQ,82.86,83.05,82.02,82.21,440824.0,4876.0
2016-05-24,JKHY,NASDAQ,82.59,84.16,82.59,84.01,351813.0,4151.0
2016-05-25,JKHY,NASDAQ,84.45,84.45,83.48,83.63,272344.0,3532.0
2016-05-26,JKHY,NASDAQ,83.59,83.9,83.03,83.49,319284.0,3982.0
2016-05-27,JKHY,NASDAQ,83.66,84.35,83.29,84.34,260603.0,3033.0
2016-05-31,JKHY,NASDAQ,84.57,84.8099,83.84,84.43,382795.0,4153.0
2016-06-01,JKHY,NASDAQ,83.8,84.67,83.68,84.55,282456.0,3338.0
2016-06-02,JKHY,NASDAQ,84.17,85.27,83.92,85.27,291448.0,3610.0
2016-06-03,JKHY,NASDAQ,85.17,85.17,84.15,84.81,217980.0,2878.0
2016-06-06,JKHY,NASDAQ,85.05,85.13,84.58,84.99,179523.0,2623.0
2016-06-07,JKHY,NASDAQ,85.01,85.21,84.6976,85.01,205759.0,2502.0
2016-06-08,JKHY,NASDAQ,85.04,85.6,84.92,85.44,128765.0,2023.0
2016-06-09,JKHY,NASDAQ,85.32,85.86,84.97,85.78,159090.0,2185.0
2016-06-10,JKHY,NASDAQ,85.61,85.61,84.36,84.52,455638.0,3886.0
2016-06-13,JKHY,NASDAQ,84.17,85.03,83.71,83.77,614473.0,4792.0
2016-06-14,JKHY,NASDAQ,83.6,84.77,83.6,84.7,280174.0,3303.0
2016-06-15,JKHY,NASDAQ,84.71,84.95,83.85,83.92,391503.0,4246.0
2016-06-16,JKHY,NASDAQ,83.63,83.93,83.12,83.83,264206.0,3448.0
2016-06-17,JKHY,NASDAQ,83.54,83.82,82.1,82.49,574869.0,3756.0
2016-06-20,JKHY,NASDAQ,83.44,83.92,83.44,83.65,245074.0,3046.0
2016-06-21,JKHY,NASDAQ,83.78,84.02,83.35,83.48,236577.0,2408.0
2016-06-22,JKHY,NASDAQ,83.71,83.855,83.24,83.38,307265.0,3374.0
2016-06-23,JKHY,NASDAQ,84.18,84.49,83.51,84.37,344117.0,3930.0
2016-06-24,JKHY,NASDAQ,81.38,84.42,81.0,83.22,851189.0,6590.0
2016-06-27,JKHY,NASDAQ,82.63,82.9,81.8,82.05,594197.0,6625.0
2016-06-28,JKHY,NASDAQ,82.41,84.58,82.15,84.48,564251.0,5975.0
2016-06-29,JKHY,NASDAQ,85.05,85.75,84.735,85.39,363492.0,4105.0
2016-06-30,JKHY,NASDAQ,85.72,87.27,85.39,87.27,531487.0,4968.0
2016-07-01,JKHY,NASDAQ,87.06,87.63,86.75,87.23,276837.0,3262.0
2016-07-05,JKHY,NASDAQ,87.0,87.48,86.92,87.25,252821.0,2555.0
2016-07-06,JKHY,NASDAQ,87.03,87.42,86.57,87.32,284038.0,3204.0
2016-07-07,JKHY,NASDAQ,87.4,87.4,86.34,86.8,214816.0,3074.0
2016-07-08,JKHY,NASDAQ,87.01,88.12,86.72,87.79,325993.0,2043.0
2016-07-11,JKHY,NASDAQ,88.22,88.54,88.0,88.38,274137.0,2864.0
2016-07-12,JKHY,NASDAQ,88.93,89.02,88.18,88.19,231475.0,3113.0
2016-07-13,JKHY,NASDAQ,88.72,89.09,88.35,88.43,148984.0,2136.0
2016-07-14,JKHY,NASDAQ,88.69,88.72,87.87,88.11,284467.0,3196.0
2016-07-15,JKHY,NASDAQ,88.11,88.99,87.72,87.8,190787.0,2039.0
2016-07-18,JKHY,NASDAQ,87.9,87.97,86.7511,87.48,151849.0,2150.0
2016-07-19,JKHY,NASDAQ,87.54,87.74,87.24,87.73,153068.0,1803.0
2016-07-20,JKHY,NASDAQ,88.19,88.57,87.72,88.05,197140.0,2442.0
2016-07-21,JKHY,NASDAQ,88.1,88.1,87.26,87.44,114310.0,1655.0
2016-07-22,JKHY,NASDAQ,87.76,88.3099,87.43,88.09,180410.0,1847.0
2016-07-25,JKHY,NASDAQ,87.79,88.65,87.51,88.53,388659.0,3392.0
2016-07-26,JKHY,NASDAQ,88.45,89.43,88.45,89.37,232639.0,2904.0
2016-07-27,JKHY,NASDAQ,89.62,89.79,89.11,89.58,382147.0,4187.0
2016-07-28,JKHY,NASDAQ,89.43,89.65,88.46,89.13,334078.0,2950.0
2016-07-29,JKHY,NASDAQ,89.28,89.4,88.53,89.25,458788.0,4166.0
2016-08-01,JKHY,NASDAQ,89.15,89.89,89.06,89.4,258563.0,3549.0
2016-08-02,JKHY,NASDAQ,89.47,89.47,88.56,88.68,222906.0,2756.0
2016-08-03,JKHY,NASDAQ,88.87,89.0,87.37,88.03,310367.0,2651.0
2016-08-04,JKHY,NASDAQ,88.45,89.0899,87.59,88.33,285208.0,2975.0
2016-08-05,JKHY,NASDAQ,88.64,89.03,88.47,88.98,244788.0,2634.0
2016-08-08,JKHY,NASDAQ,88.85,88.88,87.9601,88.08,219872.0,2489.0
2016-08-09,JKHY,NASDAQ,88.19,88.46,88.07,88.34,239004.0,2394.0
2016-08-10,JKHY,NASDAQ,88.6,88.9601,88.47,88.94,194510.0,1954.0
2016-08-11,JKHY,NASDAQ,89.37,89.47,88.66,88.74,286159.0,2664.0
2016-08-12,JKHY,NASDAQ,88.51,88.73,88.15,88.33,209053.0,2348.0
2016-08-15,JKHY,NASDAQ,88.57,88.925,88.41,88.86,230229.0,2828.0
2016-08-16,JKHY,NASDAQ,88.59,88.8,88.191,88.4,321949.0,3514.0
2016-08-17,JKHY,NASDAQ,87.3,87.3099,85.26,85.94,823548.0,7244.0
2016-08-18,JKHY,NASDAQ,86.02,87.72,85.92,87.13,509057.0,5235.0
2016-08-19,JKHY,NASDAQ,87.15,87.8,86.26,87.7,347880.0,3627.0
2016-08-22,JKHY,NASDAQ,87.34,88.53,87.3011,88.33,325126.0,3627.0
2016-08-23,JKHY,NASDAQ,88.77,88.93,88.4,88.73,272764.0,3434.0
2016-08-24,JKHY,NASDAQ,87.19,88.485,87.19,87.82,296713.0,3292.0
2016-08-25,JKHY,NASDAQ,87.52,88.08,87.52,88.05,302868.0,3378.0
2016-08-26,JKHY,NASDAQ,88.04,88.512,87.06,87.6,358481.0,4089.0
2016-08-29,JKHY,NASDAQ,87.38,87.95,87.38,87.53,443798.0,4375.0
2016-08-30,JKHY,NASDAQ,87.56,87.72,87.36,87.65,395798.0,3439.0
2016-08-31,JKHY,NASDAQ,87.54,87.7,86.88,87.27,399251.0,4155.0
2016-09-01,JKHY,NASDAQ,87.5,88.2999,86.93,88.2,366544.0,4117.0
2016-09-02,JKHY,NASDAQ,88.07,88.94,88.07,88.94,342309.0,3490.0
2016-09-06,JKHY,NASDAQ,89.1,89.1,88.15,88.66,326493.0,3578.0
2016-09-07,JKHY,NASDAQ,88.35,88.9,87.95,88.56,318279.0,3729.0
2016-09-08,JKHY,NASDAQ,88.34,88.5807,88.11,88.23,277469.0,2681.0
2016-09-09,JKHY,NASDAQ,87.84,87.84,86.16,86.18,393063.0,3908.0
2016-09-12,JKHY,NASDAQ,85.91,87.59,85.64,87.48,358524.0,4138.0
2016-09-13,JKHY,NASDAQ,87.24,87.24,85.71,85.87,382957.0,3862.0
2016-09-14,JKHY,NASDAQ,86.17,86.29,85.0,85.24,315688.0,3500.0
2016-09-15,JKHY,NASDAQ,85.44,86.185,85.0,85.92,291899.0,3404.0
2016-09-16,JKHY,NASDAQ,85.63,85.63,85.04,85.16,510987.0,3555.0
2016-09-19,JKHY,NASDAQ,85.31,86.22,85.1,85.78,202699.0,2024.0
2016-09-20,JKHY,NASDAQ,86.17,86.49,85.62,85.93,192779.0,2496.0
2016-09-21,JKHY,NASDAQ,85.94,86.9,85.62,86.87,333255.0,3592.0
2016-09-22,JKHY,NASDAQ,87.44,87.93,86.94,87.74,272445.0,3311.0
2016-09-23,JKHY,NASDAQ,87.83,87.93,86.97,87.23,348354.0,4138.0
2016-09-26,JKHY,NASDAQ,86.93,86.95,86.23,86.4,273462.0,4384.0
2016-09-27,JKHY,NASDAQ,86.49,87.0,86.37,86.57,184585.0,2319.0
2016-09-28,JKHY,NASDAQ,86.61,86.79,85.29,86.68,161330.0,1857.0
2016-09-29,JKHY,NASDAQ,86.36,86.64,85.593,85.63,182955.0,2750.0
2016-09-30,JKHY,NASDAQ,86.02,86.2,85.24,85.55,318506.0,3461.0
2016-10-03,JKHY,NASDAQ,85.71,86.03,85.38,85.4,311710.0,3095.0
2016-10-04,JKHY,NASDAQ,85.38,85.715,83.77,83.95,489109.0,5421.0
2016-10-05,JKHY,NASDAQ,83.9,84.16,83.73,83.74,560077.0,4582.0
2016-10-06,JKHY,NASDAQ,83.71,84.72,83.08,84.41,415663.0,4532.0
2016-10-07,JKHY,NASDAQ,84.59,84.7096,82.79,83.17,385818.0,3911.0
2016-10-10,JKHY,NASDAQ,83.35,83.88,83.06,83.2,213498.0,2668.0
2016-10-11,JKHY,NASDAQ,82.95,83.015,81.11,81.3,447336.0,5013.0
2016-10-12,JKHY,NASDAQ,81.91,82.9,81.04,82.69,444528.0,4248.0
2016-10-13,JKHY,NASDAQ,81.94,82.45,81.72,82.21,336995.0,3668.0
2016-10-14,JKHY,NASDAQ,82.3,82.93,82.3,82.68,268982.0,2644.0
2016-10-17,JKHY,NASDAQ,82.49,82.6557,82.3,82.41,197366.0,2208.0
2016-10-18,JKHY,NASDAQ,82.84,83.19,82.44,82.52,146552.0,2320.0
2016-10-19,JKHY,NASDAQ,82.69,82.875,82.12,82.17,216906.0,2313.0
2016-10-20,JKHY,NASDAQ,82.15,82.345,81.55,81.85,179436.0,2487.0
2016-10-21,JKHY,NASDAQ,81.56,82.01,81.03,81.8,263541.0,3293.0
2016-10-24,JKHY,NASDAQ,82.34,82.81,81.52,82.36,309463.0,3219.0
2016-10-25,JKHY,NASDAQ,82.21,82.21,81.16,81.57,339767.0,3869.0
2016-10-26,JKHY,NASDAQ,81.26,81.56,80.23,80.42,579442.0,5728.0
2016-10-27,JKHY,NASDAQ,80.43,80.43,79.0,79.55,790430.0,6706.0
2016-10-28,JKHY,NASDAQ,79.68,80.43,79.25,80.22,415946.0,4276.0
2016-10-31,JKHY,NASDAQ,80.31,81.17,80.0,81.02,437630.0,4143.0
2016-11-01,JKHY,NASDAQ,80.83,80.91,80.27,80.54,352314.0,4433.0
2016-11-02,JKHY,NASDAQ,80.13,81.03,80.02,80.49,341066.0,4193.0
2016-11-03,JKHY,NASDAQ,80.43,80.8,80.2,80.27,317516.0,3509.0
2016-11-04,JKHY,NASDAQ,80.27,80.77,79.8401,80.37,335640.0,3809.0
2016-11-07,JKHY,NASDAQ,81.01,81.944,81.01,81.75,546027.0,4897.0
2016-11-08,JKHY,NASDAQ,82.56,85.21,82.02,83.87,944415.0,8406.0
2016-11-09,JKHY,NASDAQ,82.87,83.9,81.55,83.69,577209.0,6014.0
2016-11-10,JKHY,NASDAQ,84.34,84.55,82.775,83.52,562292.0,6970.0
2016-11-11,JKHY,NASDAQ,83.29,84.86,83.07,84.58,422486.0,4723.0
2016-11-14,JKHY,NASDAQ,84.87,85.05,84.25,84.69,432537.0,4979.0
2016-11-15,JKHY,NASDAQ,84.92,85.82,84.62,84.68,417864.0,5210.0
2016-11-16,JKHY,NASDAQ,84.36,85.27,84.36,85.18,323242.0,3919.0
2016-11-17,JKHY,NASDAQ,84.94,86.56,84.94,86.55,256958.0,3296.0
2016-11-18,JKHY,NASDAQ,86.65,86.94,86.36,86.71,291777.0,3762.0
2016-11-21,JKHY,NASDAQ,86.71,88.27,86.71,88.2,603840.0,6367.0
2016-11-22,JKHY,NASDAQ,88.02,88.6,87.71,88.41,295670.0,3928.0
2016-11-23,JKHY,NASDAQ,88.02,89.05,88.02,88.92,237275.0,3021.0
2016-11-25,JKHY,NASDAQ,88.99,89.355,88.48,88.78,217623.0,1742.0
2016-11-28,JKHY,NASDAQ,88.81,89.46,88.44,88.6,450052.0,4820.0
2016-11-29,JKHY,NASDAQ,88.6,89.02,88.29,88.33,575121.0,5735.0
2016-11-30,JKHY,NASDAQ,88.42,88.46,86.41,86.44,530822.0,4349.0
2016-12-01,JKHY,NASDAQ,86.29,86.415,84.275,84.58,581911.0,5887.0
2016-12-02,JKHY,NASDAQ,84.99,85.67,84.99,85.46,338747.0,4230.0
2016-12-05,JKHY,NASDAQ,86.02,87.25,86.02,86.86,395778.0,4001.0
2016-12-06,JKHY,NASDAQ,86.86,87.75,86.71,87.72,436853.0,4323.0
2016-12-07,JKHY,NASDAQ,87.88,89.31,87.34,89.05,311366.0,3274.0
2016-12-08,JKHY,NASDAQ,88.8,89.68,88.585,89.43,274216.0,3501.0
2016-12-09,JKHY,NASDAQ,89.58,89.71,89.04,89.48,316555.0,2670.0
2016-12-12,JKHY,NASDAQ,89.14,90.22,88.88,89.58,311529.0,3385.0
2016-12-13,JKHY,NASDAQ,90.05,91.01,89.64,90.48,362379.0,3993.0
2016-12-14,JKHY,NASDAQ,90.47,91.06,89.36,89.44,267134.0,3547.0
2016-12-15,JKHY,NASDAQ,89.28,90.17,89.12,89.58,291611.0,3740.0
2016-12-16,JKHY,NASDAQ,89.94,90.5,89.31,89.45,906177.0,3658.0
2016-12-19,JKHY,NASDAQ,89.21,90.07,89.1,89.36,348663.0,3754.0
2016-12-20,JKHY,NASDAQ,89.51,90.01,89.23,89.58,208568.0,2491.0
2016-12-21,JKHY,NASDAQ,89.84,89.97,89.13,89.13,165992.0,2281.0
2016-12-22,JKHY,NASDAQ,89.09,89.13,88.47,88.91,145630.0,2261.0
2016-12-23,JKHY,NASDAQ,88.72,89.46,88.72,89.41,112769.0,1455.0
2016-12-27,JKHY,NASDAQ,89.28,90.0,89.28,89.51,93578.0,1273.0
2016-12-28,JKHY,NASDAQ,89.64,89.76,88.73,88.89,127716.0,2021.0
2016-12-29,JKHY,NASDAQ,88.97,89.59,88.78,89.18,158941.0,2275.0
2016-12-30,JKHY,NASDAQ,89.64,89.64,88.3,88.78,235094.0,2770.0
2017-01-03,JKHY,NASDAQ,88.92,89.5,88.52,88.89,218129.0,3132.0
2017-01-04,JKHY,NASDAQ,88.73,90.0,88.73,89.74,328348.0,3326.0
2017-01-05,JKHY,NASDAQ,89.78,90.78,89.66,90.56,334469.0,3570.0
2017-01-06,JKHY,NASDAQ,90.72,91.34,90.33,90.85,290295.0,3001.0
2017-01-09,JKHY,NASDAQ,90.85,90.85,90.05,90.21,173994.0,2270.0
2017-01-10,JKHY,NASDAQ,90.37,90.37,89.46,89.5,229203.0,3002.0
2017-01-11,JKHY,NASDAQ,89.51,89.85,88.96,89.28,192847.0,2606.0
2017-01-12,JKHY,NASDAQ,89.03,89.33,88.17,89.27,368167.0,4245.0
2017-01-13,JKHY,NASDAQ,89.49,90.63,89.25,90.54,180848.0,2236.0
2017-01-17,JKHY,NASDAQ,90.26,90.44,89.47,90.19,160187.0,2077.0
2017-01-18,JKHY,NASDAQ,90.31,90.41,89.95,90.15,178186.0,2436.0
2017-01-19,JKHY,NASDAQ,90.27,90.71,89.91,90.25,233685.0,2544.0
2017-01-20,JKHY,NASDAQ,90.25,90.97,89.75,90.77,192245.0,2485.0
2017-01-23,JKHY,NASDAQ,90.64,91.15,90.5234,91.03,341189.0,3200.0
2017-01-24,JKHY,NASDAQ,91.19,91.34,90.65,91.2,283232.0,4074.0
2017-01-25,JKHY,NASDAQ,91.19,91.48,90.09,90.7,361811.0,3830.0
2017-01-26,JKHY,NASDAQ,90.53,90.54,89.56,89.7,267910.0,3246.0
2017-01-27,JKHY,NASDAQ,89.96,90.07,89.41,90.05,147737.0,1709.0
2017-01-30,JKHY,NASDAQ,89.76,90.19,88.98,90.13,216666.0,2315.0
2017-01-31,JKHY,NASDAQ,89.85,90.8,89.1,89.78,352843.0,3505.0
2017-02-01,JKHY,NASDAQ,89.9,90.575,88.7699,89.08,286576.0,3709.0
2017-02-02,JKHY,NASDAQ,89.09,89.97,88.7102,89.05,301073.0,3437.0
2017-02-03,JKHY,NASDAQ,89.41,90.32,89.41,90.23,298732.0,3370.0
2017-02-06,JKHY,NASDAQ,89.99,90.24,89.48,89.69,214779.0,2527.0
2017-02-07,JKHY,NASDAQ,89.72,90.03,89.3844,90.01,416261.0,4103.0
2017-02-08,JKHY,NASDAQ,89.74,90.26,88.1101,89.53,383022.0,4327.0
2017-02-09,JKHY,NASDAQ,89.81,91.21,88.3301,90.82,385668.0,4172.0
2017-02-10,JKHY,NASDAQ,90.82,90.93,90.25,90.6,297436.0,3865.0
2017-02-13,JKHY,NASDAQ,91.08,91.78,91.08,91.48,285582.0,3781.0
2017-02-14,JKHY,NASDAQ,91.12,91.53,90.8,91.05,191740.0,2974.0
2017-02-15,JKHY,NASDAQ,91.05,91.77,90.9,91.68,195952.0,2778.0
2017-02-16,JKHY,NASDAQ,91.79,92.24,91.53,92.24,250774.0,3059.0
2017-02-17,JKHY,NASDAQ,91.75,92.53,91.01,92.53,167683.0,2116.0
2017-02-21,JKHY,NASDAQ,92.38,93.2,92.03,93.16,233275.0,2938.0
2017-02-22,JKHY,NASDAQ,93.18,93.54,92.88,93.37,227529.0,2915.0
2017-02-23,JKHY,NASDAQ,93.43,94.03,93.07,93.85,204543.0,3172.0
2017-02-24,JKHY,NASDAQ,93.62,94.7,93.51,94.7,230704.0,2876.0
2017-02-27,JKHY,NASDAQ,94.55,94.83,93.99,94.76,247768.0,2734.0
2017-02-28,JKHY,NASDAQ,94.25,94.49,93.654,93.77,481107.0,3662.0
2017-03-01,JKHY,NASDAQ,94.46,95.37,93.9,95.33,374326.0,3386.0
2017-03-02,JKHY,NASDAQ,95.2,95.2,94.27,94.47,180851.0,2795.0
2017-03-03,JKHY,NASDAQ,94.63,95.25,94.276,95.0,233926.0,2862.0
2017-03-06,JKHY,NASDAQ,94.79,94.99,94.26,94.61,217805.0,2761.0
2017-03-07,JKHY,NASDAQ,94.51,94.807,93.84,94.47,157854.0,2160.0
2017-03-08,JKHY,NASDAQ,94.11,94.76,93.92,94.27,240666.0,2851.0
2017-03-09,JKHY,NASDAQ,94.38,94.65,93.83,94.06,217066.0,2425.0
2017-03-10,JKHY,NASDAQ,94.48,94.95,93.875,94.44,241869.0,3179.0
2017-03-13,JKHY,NASDAQ,94.38,95.18,94.33,95.11,229865.0,3318.0
2017-03-14,JKHY,NASDAQ,94.78,95.37,94.5,94.84,141281.0,1873.0
2017-03-15,JKHY,NASDAQ,95.24,95.64,94.87,95.35,270665.0,3109.0
2017-03-16,JKHY,NASDAQ,95.43,95.43,94.37,94.75,202855.0,2610.0
2017-03-17,JKHY,NASDAQ,94.55,95.47,94.55,95.1,542475.0,4060.0
2017-03-20,JKHY,NASDAQ,94.88,94.9799,94.03,94.49,308444.0,2335.0
2017-03-21,JKHY,NASDAQ,94.76,94.76,93.39,93.89,325083.0,4359.0
2017-03-22,JKHY,NASDAQ,93.7,94.06,93.19,93.71,226208.0,3227.0
2017-03-23,JKHY,NASDAQ,93.61,94.29,93.2,93.47,191160.0,2597.0
2017-03-24,JKHY,NASDAQ,93.76,93.915,93.06,93.33,154188.0,2222.0
2017-03-27,JKHY,NASDAQ,92.6,93.88,92.155,93.62,277711.0,3374.0
2017-03-28,JKHY,NASDAQ,93.51,94.06,93.1,93.75,185823.0,2680.0
2017-03-29,JKHY,NASDAQ,93.83,94.19,93.2,94.02,206773.0,3019.0
2017-03-30,JKHY,NASDAQ,93.99,94.34,93.55,93.92,201855.0,1992.0
2017-03-31,JKHY,NASDAQ,93.86,94.02,93.07,93.1,351611.0,3904.0
2017-04-03,JKHY,NASDAQ,93.15,94.125,92.48,92.81,310698.0,4533.0
2017-04-04,JKHY,NASDAQ,92.66,93.48,92.31,92.73,222924.0,2556.0
2017-04-05,JKHY,NASDAQ,93.02,93.51,92.35,92.49,316589.0,3429.0
2017-04-06,JKHY,NASDAQ,92.57,92.95,91.87,92.16,229957.0,2972.0
2017-04-07,JKHY,NASDAQ,91.78,92.35,91.5,91.97,376502.0,4050.0
2017-04-10,JKHY,NASDAQ,92.13,92.56,91.79,92.28,327553.0,3703.0
2017-04-11,JKHY,NASDAQ,92.1,93.57,91.82,93.57,350863.0,4242.0
2017-04-12,JKHY,NASDAQ,93.81,94.16,93.36,93.91,363295.0,4205.0
2017-04-13,JKHY,NASDAQ,93.75,93.87,93.01,93.03,197723.0,2694.0
2017-04-17,JKHY,NASDAQ,93.04,94.19,93.04,94.17,148788.0,2162.0
2017-04-18,JKHY,NASDAQ,94.18,94.51,93.0797,94.42,155162.0,2088.0
2017-04-19,JKHY,NASDAQ,94.74,95.22,94.53,94.78,199255.0,2557.0
2017-04-20,JKHY,NASDAQ,95.11,95.68,94.57,95.53,253118.0,2410.0
2017-04-21,JKHY,NASDAQ,95.48,95.68,95.15,95.63,220883.0,2877.0
2017-04-24,JKHY,NASDAQ,96.47,96.6,96.04,96.51,157880.0,1969.0
2017-04-25,JKHY,NASDAQ,96.81,97.06,96.2,96.63,118098.0,1821.0
2017-04-26,JKHY,NASDAQ,96.87,97.24,96.32,96.97,150690.0,2260.0
2017-04-27,JKHY,NASDAQ,96.85,98.02,96.5,97.32,219501.0,2296.0
2017-04-28,JKHY,NASDAQ,97.45,97.45,96.36,96.92,256601.0,2805.0
2017-05-01,JKHY,NASDAQ,96.93,97.63,96.363,96.94,282151.0,3698.0
2017-05-02,JKHY,NASDAQ,97.12,97.7,96.165,97.36,291317.0,3620.0
2017-05-03,JKHY,NASDAQ,98.54,98.54,95.91,97.48,428004.0,5391.0
2017-05-04,JKHY,NASDAQ,97.25,98.73,95.495,98.04,410178.0,4691.0
2017-05-05,JKHY,NASDAQ,98.23,98.63,97.38,98.15,280170.0,3540.0
2017-05-08,JKHY,NASDAQ,97.96,98.315,96.96,97.13,279200.0,3280.0
2017-05-09,JKHY,NASDAQ,97.41,97.72,96.76,97.3,458254.0,5498.0
2017-05-10,JKHY,NASDAQ,97.48,97.93,97.24,97.4,282628.0,3348.0
2017-05-11,JKHY,NASDAQ,97.09,97.4,95.9,96.65,398296.0,4460.0
2017-05-12,JKHY,NASDAQ,96.58,96.58,95.86,95.99,201673.0,2553.0
2017-05-15,JKHY,NASDAQ,96.23,96.94,95.0386,96.77,259618.0,2772.0
2017-05-16,JKHY,NASDAQ,97.08,98.6,96.33,98.38,1086253.0,11521.0
2017-05-17,JKHY,NASDAQ,97.5,98.36,97.41,97.86,545027.0,6878.0
2017-05-18,JKHY,NASDAQ,97.7,99.66,97.37,98.86,655491.0,8462.0
2017-05-19,JKHY,NASDAQ,99.27,100.84,99.04,100.64,758312.0,7548.0
2017-05-22,JKHY,NASDAQ,101.09,102.96,100.9201,102.14,1113283.0,11467.0
2017-05-23,JKHY,NASDAQ,102.17,103.79,101.54,103.18,969949.0,9242.0
2017-05-24,JKHY,NASDAQ,103.34,104.27,102.31,103.25,716483.0,8345.0
2017-05-25,JKHY,NASDAQ,103.5,105.43,103.35,105.13,863423.0,9042.0
2017-05-26,JKHY,NASDAQ,104.9,105.55,104.2,104.3,616334.0,7021.0
2017-05-30,JKHY,NASDAQ,104.13,105.31,103.41,105.11,896781.0,10413.0
2017-05-31,JKHY,NASDAQ,105.2,106.46,104.34,106.21,6847270.0,17501.0
2017-06-01,JKHY,NASDAQ,105.9,106.39,104.05,105.11,1141834.0,11254.0
2017-06-02,JKHY,NASDAQ,105.45,106.29,104.45,105.23,820107.0,8813.0
2017-06-05,JKHY,NASDAQ,105.19,106.04,104.68,104.97,674171.0,7415.0
2017-06-06,JKHY,NASDAQ,105.24,106.34,103.48,103.59,682297.0,8711.0
2017-06-07,JKHY,NASDAQ,103.73,104.37,102.98,103.97,1030927.0,8556.0
2017-06-08,JKHY,NASDAQ,104.05,104.31,103.01,103.9,700313.0,7525.0
2017-06-09,JKHY,NASDAQ,103.94,104.63,102.54,103.27,465694.0,5679.0
2017-06-12,JKHY,NASDAQ,103.11,103.865,102.24,103.57,553766.0,7520.0
2017-06-13,JKHY,NASDAQ,103.36,104.23,102.95,104.21,583994.0,6379.0
2017-06-14,JKHY,NASDAQ,103.88,104.51,103.12,103.89,535067.0,7402.0
2017-06-15,JKHY,NASDAQ,102.79,104.41,102.06,104.39,579532.0,7026.0
2017-06-16,JKHY,NASDAQ,104.25,104.84,102.01,104.79,657473.0,4858.0
2017-06-19,JKHY,NASDAQ,105.49,105.51,104.15,104.7,565579.0,7253.0
2017-06-20,JKHY,NASDAQ,104.34,105.28,104.22,104.66,264966.0,3823.0
2017-06-21,JKHY,NASDAQ,104.86,105.24,104.33,104.94,351048.0,4158.0
2017-06-22,JKHY,NASDAQ,105.06,105.25,104.15,104.94,292484.0,4085.0
2017-06-23,JKHY,NASDAQ,105.0,106.025,104.84,105.6,402418.0,4486.0
2017-06-26,JKHY,NASDAQ,106.01,106.11,105.17,105.37,365243.0,4595.0
2017-06-27,JKHY,NASDAQ,105.18,105.77,104.55,104.68,258086.0,3578.0
2017-06-28,JKHY,NASDAQ,105.21,105.98,104.28,105.28,373564.0,4171.0
2017-06-29,JKHY,NASDAQ,105.19,105.19,103.12,103.7,401268.0,4360.0
2017-06-30,JKHY,NASDAQ,104.14,104.49,103.6,103.87,391477.0,4865.0
2017-07-03,JKHY,NASDAQ,104.41,104.725,103.2,103.21,189333.0,2485.0
2017-07-05,JKHY,NASDAQ,103.29,104.23,103.16,103.68,417217.0,5498.0
2017-07-06,JKHY,NASDAQ,103.2,103.36,102.3975,102.62,463811.0,6530.0
2017-07-07,JKHY,NASDAQ,102.63,104.17,102.63,103.6,297602.0,3670.0
2017-07-10,JKHY,NASDAQ,103.63,104.16,103.26,103.83,240347.0,3055.0
2017-07-11,JKHY,NASDAQ,103.85,104.02,103.15,103.91,256697.0,3099.0
2017-07-12,JKHY,NASDAQ,104.48,105.29,104.11,105.25,378611.0,4025.0
2017-07-13,JKHY,NASDAQ,105.33,105.36,104.39,104.9,225820.0,2718.0
2017-07-14,JKHY,NASDAQ,104.93,105.6,104.93,105.2,266295.0,3152.0
2017-07-17,JKHY,NASDAQ,105.22,105.59,104.83,105.52,188684.0,2649.0
2017-07-18,JKHY,NASDAQ,105.67,105.7414,104.84,105.2,295021.0,3463.0
2017-07-19,JKHY,NASDAQ,105.69,106.49,105.24,106.15,289704.0,3229.0
2017-07-20,JKHY,NASDAQ,106.1,106.98,106.08,106.45,331807.0,3049.0
2017-07-21,JKHY,NASDAQ,106.04,106.78,105.5033,106.19,235308.0,3348.0
2017-07-24,JKHY,NASDAQ,106.07,106.42,105.74,106.19,331513.0,3576.0
2017-07-25,JKHY,NASDAQ,106.42,106.63,105.89,106.48,467859.0,4229.0
2017-07-26,JKHY,NASDAQ,106.5,107.14,106.19,106.69,336718.0,3797.0
2017-07-27,JKHY,NASDAQ,106.99,107.1,106.115,106.69,311305.0,3531.0
2017-07-28,JKHY,NASDAQ,106.48,107.27,106.295,107.08,292814.0,3606.0
2017-07-31,JKHY,NASDAQ,104.055,107.74,104.055,107.32,341403.0,3731.0
2017-08-01,JKHY,NASDAQ,109.665,109.665,106.93,107.38,563175.0,5284.0
2017-08-02,JKHY,NASDAQ,107.3,107.3,105.19,105.69,413558.0,5389.0
2017-08-03,JKHY,NASDAQ,105.7,105.93,104.71,105.9,405449.0,4550.0
2017-08-04,JKHY,NASDAQ,106.27,106.605,105.555,106.03,232527.0,2992.0
2017-08-07,JKHY,NASDAQ,106.0,106.81,105.74,106.62,270232.0,2858.0
2017-08-08,JKHY,NASDAQ,106.58,106.92,105.89,106.58,179212.0,2663.0
2017-08-09,JKHY,NASDAQ,106.14,106.66,105.73,106.37,268105.0,3466.0
2017-08-10,JKHY,NASDAQ,106.13,106.5985,105.7,106.07,237605.0,3968.0
2017-08-11,JKHY,NASDAQ,106.16,106.66,105.45,105.74,263267.0,3224.0
2017-08-14,JKHY,NASDAQ,106.47,106.73,105.945,106.35,495540.0,5433.0
2017-08-15,JKHY,NASDAQ,106.48,107.99,105.94,106.51,529646.0,4917.0
2017-08-16,JKHY,NASDAQ,105.0,105.0,100.05,101.59,1211266.0,12662.0
2017-08-17,JKHY,NASDAQ,101.54,102.26,98.66,98.72,810505.0,8502.0
2017-08-18,JKHY,NASDAQ,99.0,99.49,98.16,98.44,848918.0,8877.0
2017-08-21,JKHY,NASDAQ,98.25,99.57,98.25,99.3,658562.0,6906.0
2017-08-22,JKHY,NASDAQ,99.49,100.51,99.08,100.4,369153.0,4816.0
2017-08-23,JKHY,NASDAQ,99.99,100.58,99.81,100.33,209489.0,3037.0
2017-08-24,JKHY,NASDAQ,100.51,100.59,99.44,99.58,282368.0,4635.0
2017-08-25,JKHY,NASDAQ,99.95,100.4,99.52,100.08,209688.0,3149.0
2017-08-28,JKHY,NASDAQ,100.28,100.74,100.0,100.48,376269.0,4082.0
2017-08-29,JKHY,NASDAQ,100.62,101.46,100.37,101.08,472234.0,7761.0
2017-08-30,JKHY,NASDAQ,101.24,101.79,101.12,101.56,437789.0,3508.0
2017-08-31,JKHY,NASDAQ,102.07,103.1,101.945,103.07,521031.0,5201.0
2017-09-01,JKHY,NASDAQ,103.29,103.5299,102.12,102.55,262209.0,3806.0
2017-09-05,JKHY,NASDAQ,102.24,102.73,101.34,101.81,346014.0,4708.0
2017-09-06,JKHY,NASDAQ,102.11,102.33,101.32,101.49,320397.0,4226.0
2017-09-07,JKHY,NASDAQ,101.51,102.26,101.08,101.8,412833.0,4381.0
2017-09-08,JKHY,NASDAQ,101.78,102.7,101.19,101.97,264464.0,3209.0
2017-09-11,JKHY,NASDAQ,102.57,103.01,102.05,102.5,358556.0,3626.0
2017-09-12,JKHY,NASDAQ,102.66,102.97,102.06,102.64,300047.0,2789.0
2017-09-13,JKHY,NASDAQ,102.59,102.9,101.83,102.1,346004.0,2856.0
2017-09-14,JKHY,NASDAQ,101.99,102.31,101.27,102.02,222747.0,2787.0
2017-09-15,JKHY,NASDAQ,101.88,102.055,101.28,101.74,380776.0,2775.0
2017-09-18,JKHY,NASDAQ,101.95,102.48,101.7,102.41,205507.0,2978.0
2017-09-19,JKHY,NASDAQ,102.19,102.58,101.98,102.23,237815.0,3129.0
2017-09-20,JKHY,NASDAQ,102.19,102.52,100.78,101.58,306927.0,4074.0
2017-09-21,JKHY,NASDAQ,101.39,102.1,101.15,102.03,225037.0,3224.0
2017-09-22,JKHY,NASDAQ,101.6,102.4794,101.6,102.26,185464.0,2275.0
2017-09-25,JKHY,NASDAQ,102.26,102.3325,101.12,101.49,632337.0,7056.0
2017-09-26,JKHY,NASDAQ,101.79,102.21,101.16,101.18,263742.0,3429.0
2017-09-27,JKHY,NASDAQ,101.7,102.33,101.42,101.74,256078.0,3253.0
2017-09-28,JKHY,NASDAQ,101.71,102.85,101.302,102.62,297723.0,3150.0
2017-09-29,JKHY,NASDAQ,102.37,103.04,102.27,102.79,329830.0,4080.0
2017-10-02,JKHY,NASDAQ,102.71,103.09,102.44,102.84,322697.0,4234.0
2017-10-03,JKHY,NASDAQ,103.21,103.75,102.89,103.63,263766.0,2970.0
2017-10-04,JKHY,NASDAQ,103.7,104.2167,103.391,103.92,169109.0,2295.0
2017-10-05,JKHY,NASDAQ,104.1,104.1,103.15,103.87,177919.0,2593.0
2017-10-06,JKHY,NASDAQ,103.57,104.48,103.57,104.41,229614.0,3159.0
2017-10-09,JKHY,NASDAQ,104.54,105.38,104.27,105.31,199739.0,3317.0
2017-10-10,JKHY,NASDAQ,105.72,106.14,105.28,105.32,233074.0,3063.0
2017-10-11,JKHY,NASDAQ,105.27,105.35,104.66,104.88,151213.0,2347.0
2017-10-12,JKHY,NASDAQ,104.76,105.47,104.76,105.18,231496.0,2396.0
2017-10-13,JKHY,NASDAQ,105.68,105.76,105.03,105.1,202749.0,2431.0
2017-10-16,JKHY,NASDAQ,105.32,106.98,104.67,104.97,247351.0,2576.0
2017-10-17,JKHY,NASDAQ,105.08,105.45,104.1,104.35,231923.0,2566.0
2017-10-18,JKHY,NASDAQ,104.17,104.78,104.1001,104.16,268369.0,3206.0
2017-10-19,JKHY,NASDAQ,104.14,105.47,104.06,105.47,571627.0,5372.0
2017-10-20,JKHY,NASDAQ,105.7,106.25,105.45,105.78,315541.0,3663.0
2017-10-23,JKHY,NASDAQ,106.07,106.55,105.75,106.4,310479.0,3516.0
2017-10-24,JKHY,NASDAQ,106.26,106.39,105.83,106.04,252596.0,3036.0
2017-10-25,JKHY,NASDAQ,105.92,106.95,105.92,106.92,211044.0,2725.0
2017-10-26,JKHY,NASDAQ,107.38,109.01,106.5772,108.84,228345.0,3036.0
2017-10-27,JKHY,NASDAQ,108.72,110.53,105.42,110.44,322424.0,4397.0
2017-10-30,JKHY,NASDAQ,109.98,111.02,109.51,110.54,423319.0,5039.0
2017-10-31,JKHY,NASDAQ,110.43,111.0,109.58,110.13,407674.0,4772.0
2017-11-01,JKHY,NASDAQ,110.58,110.665,109.03,109.76,544814.0,4999.0
2017-11-02,JKHY,NASDAQ,109.92,111.6,109.5757,110.97,314414.0,4765.0
2017-11-03,JKHY,NASDAQ,110.96,111.94,110.88,111.61,537468.0,2968.0
2017-11-06,JKHY,NASDAQ,111.8,111.99,111.16,111.8,389826.0,5076.0
2017-11-07,JKHY,NASDAQ,111.46,113.25,111.46,112.56,719831.0,5439.0
2017-11-08,JKHY,NASDAQ,113.91,114.25,111.42,113.86,411980.0,4706.0
2017-11-09,JKHY,NASDAQ,113.95,115.34,113.43,113.96,352989.0,4326.0
2017-11-10,JKHY,NASDAQ,113.66,114.095,113.38,113.69,428465.0,3974.0
2017-11-13,JKHY,NASDAQ,113.42,113.77,112.71,112.85,350744.0,4050.0
2017-11-14,JKHY,NASDAQ,112.98,113.4,112.83,113.1,489088.0,5550.0
2017-11-15,JKHY,NASDAQ,112.62,112.96,111.875,112.34,334901.0,3781.0
2017-11-16,JKHY,NASDAQ,112.7,113.13,112.02,112.19,327697.0,4389.0
2017-11-17,JKHY,NASDAQ,112.07,112.6,111.37,112.08,257531.0,3208.0
2017-11-20,JKHY,NASDAQ,112.34,112.98,112.24,112.44,209897.0,2241.0
2017-11-21,JKHY,NASDAQ,112.89,113.35,112.37,113.35,398013.0,4442.0
2017-11-22,JKHY,NASDAQ,113.3,114.3,112.94,114.22,328090.0,3570.0
2017-11-24,JKHY,NASDAQ,114.44,114.67,113.6,114.57,122540.0,1613.0
2017-11-27,JKHY,NASDAQ,114.57,115.2,114.425,114.96,326538.0,4188.0
2017-11-28,JKHY,NASDAQ,115.06,115.94,114.71,115.33,366804.0,3705.0
2017-11-29,JKHY,NASDAQ,114.99,114.99,113.35,113.9,298655.0,4395.0
2017-11-30,JKHY,NASDAQ,114.08,117.465,113.94,115.32,826650.0,5403.0
2017-12-01,JKHY,NASDAQ,115.12,115.67,112.3,114.03,386379.0,4386.0
2017-12-04,JKHY,NASDAQ,114.51,116.18,113.85,115.48,380309.0,4702.0
2017-12-05,JKHY,NASDAQ,115.45,115.7,114.58,114.77,430014.0,4041.0
2017-12-06,JKHY,NASDAQ,116.01,117.43,115.84,115.88,364296.0,4402.0
2017-12-07,JKHY,NASDAQ,115.89,116.925,115.66,116.81,432586.0,2928.0
2017-12-08,JKHY,NASDAQ,117.28,117.64,116.83,117.29,202083.0,2755.0
2017-12-11,JKHY,NASDAQ,117.1,117.58,116.66,116.89,219556.0,2325.0
2017-12-12,JKHY,NASDAQ,116.97,117.2,116.2,116.31,217010.0,2995.0
2017-12-13,JKHY,NASDAQ,116.25,117.22,116.03,116.27,273504.0,3670.0
2017-12-14,JKHY,NASDAQ,116.3,117.1,115.95,116.06,282056.0,3229.0
2017-12-15,JKHY,NASDAQ,116.34,118.42,116.18,118.24,560004.0,3788.0
2017-12-18,JKHY,NASDAQ,118.78,119.82,118.18,118.28,345054.0,3405.0
2017-12-19,JKHY,NASDAQ,118.35,118.45,117.53,117.89,211962.0,2689.0
2017-12-20,JKHY,NASDAQ,118.05,118.605,117.69,117.82,198344.0,2744.0
2017-12-21,JKHY,NASDAQ,118.8,119.0,117.12,117.41,206151.0,2687.0
2017-12-22,JKHY,NASDAQ,117.35,117.35,116.68,116.84,129438.0,2469.0
2017-12-26,JKHY,NASDAQ,116.51,116.93,116.08,116.83,111474.0,1802.0
2017-12-27,JKHY,NASDAQ,116.85,117.2099,116.61,116.92,111449.0,1819.0
2017-12-28,JKHY,NASDAQ,117.13,117.37,116.66,117.29,130395.0,1681.0
2017-12-29,JKHY,NASDAQ,117.45,117.95,116.91,116.96,199973.0,2538.0
2018-01-02,JKHY,NASDAQ,117.32,117.4848,115.475,116.19,273563.0,3492.0
2018-01-03,JKHY,NASDAQ,116.19,116.9,115.66,116.34,268012.0,3615.0
2018-01-04,JKHY,NASDAQ,117.02,119.13,117.02,118.64,259683.0,3354.0
2018-01-05,JKHY,NASDAQ,118.78,119.84,118.51,119.78,201900.0,2691.0
2018-01-08,JKHY,NASDAQ,119.47,119.975,119.08,119.82,293132.0,3284.0
2018-01-09,JKHY,NASDAQ,119.94,121.22,119.7001,121.02,302556.0,3614.0
2018-01-10,JKHY,NASDAQ,120.46,122.42,120.26,122.33,246896.0,3486.0
2018-01-11,JKHY,NASDAQ,122.27,122.8,121.335,122.68,213128.0,2714.0
2018-01-12,JKHY,NASDAQ,122.86,123.56,122.11,123.38,261054.0,3089.0
2018-01-16,JKHY,NASDAQ,123.95,124.33,123.53,123.73,365476.0,4525.0
2018-01-17,JKHY,NASDAQ,124.19,125.55,124.03,124.79,380419.0,4525.0
2018-01-18,JKHY,NASDAQ,125.5,125.5,124.38,124.43,265566.0,3349.0
2018-01-19,JKHY,NASDAQ,124.44,125.51,124.05,125.15,242241.0,2949.0
2018-01-22,JKHY,NASDAQ,124.75,125.35,124.56,125.32,241445.0,3479.0
2018-01-23,JKHY,NASDAQ,124.74,126.19,124.71,126.0,269828.0,3822.0
2018-01-24,JKHY,NASDAQ,126.32,126.9,124.84,125.15,333507.0,4330.0
2018-01-25,JKHY,NASDAQ,125.68,126.13,124.64,125.55,313983.0,3611.0
2018-01-26,JKHY,NASDAQ,125.61,126.56,124.79,126.53,218327.0,3070.0
2018-01-29,JKHY,NASDAQ,126.06,127.3099,125.82,126.41,356842.0,4153.0
2018-01-30,JKHY,NASDAQ,126.04,126.7,125.17,125.25,296852.0,3875.0
2018-01-31,JKHY,NASDAQ,125.27,125.89,124.24,124.66,343987.0,3972.0
2018-02-01,JKHY,NASDAQ,124.48,125.11,123.76,124.66,283143.0,3586.0
2018-02-02,JKHY,NASDAQ,123.94,124.71,122.87,122.96,339086.0,3776.0
2018-02-05,JKHY,NASDAQ,122.35,122.94,117.94,117.97,451175.0,6373.0
2018-02-06,JKHY,NASDAQ,115.88,118.87,114.3,117.97,878241.0,9418.0
2018-02-07,JKHY,NASDAQ,118.27,118.5699,115.91,117.23,750185.0,8133.0
2018-02-08,JKHY,NASDAQ,117.6,118.69,114.25,114.37,670676.0,7399.0
2018-02-09,JKHY,NASDAQ,115.28,115.95,112.778,115.33,656908.0,7794.0
2018-02-12,JKHY,NASDAQ,116.7,117.15,115.52,116.3,461902.0,4992.0
2018-02-13,JKHY,NASDAQ,115.79,117.275,115.49,117.13,335730.0,4488.0
2018-02-14,JKHY,NASDAQ,116.51,119.53,116.315,119.28,445580.0,4125.0
2018-02-15,JKHY,NASDAQ,119.86,121.67,118.92,120.91,385212.0,5239.0
2018-02-16,JKHY,NASDAQ,120.84,122.45,120.49,122.08,364615.0,3315.0
2018-02-20,JKHY,NASDAQ,122.31,122.42,120.64,121.01,297061.0,4215.0
2018-02-21,JKHY,NASDAQ,121.05,121.63,119.3,119.43,364153.0,4822.0
2018-02-22,JKHY,NASDAQ,119.66,120.48,119.23,120.16,376413.0,4579.0
2018-02-23,JKHY,NASDAQ,120.65,122.02,120.025,121.95,182504.0,2492.0
2018-02-26,JKHY,NASDAQ,122.55,122.85,121.1,121.44,270930.0,3971.0
2018-02-27,JKHY,NASDAQ,121.16,121.57,118.57,119.56,377585.0,5333.0
2018-02-28,JKHY,NASDAQ,119.56,121.22,117.19,117.3,588622.0,5357.0
2018-03-01,JKHY,NASDAQ,117.52,118.43,116.525,117.68,420345.0,5542.0
2018-03-02,JKHY,NASDAQ,116.8,119.29,115.8477,119.09,280334.0,3303.0
2018-03-05,JKHY,NASDAQ,118.42,121.205,117.855,121.01,458575.0,5132.0
2018-03-06,JKHY,NASDAQ,121.23,121.94,120.44,121.9,384613.0,3700.0
2018-03-07,JKHY,NASDAQ,121.08,122.59,121.08,122.21,364347.0,3147.0
2018-03-08,JKHY,NASDAQ,122.77,122.97,121.47,122.39,354894.0,3213.0
2018-03-09,JKHY,NASDAQ,123.0,124.21,122.37,123.93,321653.0,3593.0
2018-03-12,JKHY,NASDAQ,123.91,124.0649,123.07,123.41,417242.0,3451.0
2018-03-13,JKHY,NASDAQ,123.93,124.17,122.925,124.06,296508.0,3324.0
2018-03-14,JKHY,NASDAQ,124.41,125.34,124.405,125.01,444243.0,4523.0
2018-03-15,JKHY,NASDAQ,125.01,125.45,124.385,125.01,439216.0,3715.0
2018-03-16,JKHY,NASDAQ,125.08,125.52,124.41,125.25,653293.0,3602.0
2018-03-19,JKHY,NASDAQ,124.99,125.6,123.85,124.9,294698.0,3848.0
2018-03-20,JKHY,NASDAQ,124.86,125.61,124.24,125.36,321670.0,3466.0
2018-03-21,JKHY,NASDAQ,125.45,126.29,125.16,125.33,241385.0,3366.0
2018-03-22,JKHY,NASDAQ,124.32,124.58,122.41,122.49,293109.0,3327.0
2018-03-23,JKHY,NASDAQ,122.46,123.53,119.16,119.2,334700.0,4182.0
2018-03-26,JKHY,NASDAQ,120.7,121.08,119.21,120.88,304881.0,4285.0
2018-03-27,JKHY,NASDAQ,121.38,121.74,118.88,119.72,245675.0,3020.0
2018-03-28,JKHY,NASDAQ,119.67,120.225,118.52,119.54,263906.0,3752.0
2018-03-29,JKHY,NASDAQ,119.94,122.26,119.54,120.95,291136.0,3517.0
2018-04-02,JKHY,NASDAQ,120.52,121.65,118.62,119.36,318132.0,4766.0
2018-04-03,JKHY,NASDAQ,120.21,121.41,118.8,119.69,371602.0,4156.0
2018-04-04,JKHY,NASDAQ,118.9,120.495,117.64,120.25,250938.0,3291.0
2018-04-05,JKHY,NASDAQ,120.66,121.01,119.63,120.39,273680.0,3150.0
2018-04-06,JKHY,NASDAQ,119.75,120.38,118.0,118.38,210705.0,2605.0
2018-04-09,JKHY,NASDAQ,118.65,120.04,118.37,118.49,349974.0,3760.0
2018-04-10,JKHY,NASDAQ,119.93,121.42,119.71,120.55,328548.0,4013.0
2018-04-11,JKHY,NASDAQ,119.64,121.12,119.605,120.21,172477.0,2399.0
2018-04-12,JKHY,NASDAQ,120.53,121.41,120.07,120.14,196188.0,2269.0
2018-04-13,JKHY,NASDAQ,120.35,121.13,119.04,119.52,232420.0,2319.0
2018-04-16,JKHY,NASDAQ,120.13,121.99,120.13,121.3,197312.0,2273.0
2018-04-17,JKHY,NASDAQ,121.98,123.105,121.465,122.48,173210.0,2533.0
2018-04-18,JKHY,NASDAQ,122.43,124.5,121.83,123.08,208699.0,2411.0
2018-04-19,JKHY,NASDAQ,122.77,122.85,121.93,122.28,117958.0,1786.0
2018-04-20,JKHY,NASDAQ,122.28,122.5,120.92,121.43,164562.0,1841.0
2018-04-23,JKHY,NASDAQ,121.64,122.34,121.17,121.59,139915.0,1840.0
2018-04-24,JKHY,NASDAQ,122.01,122.5,119.95,120.68,171334.0,2775.0
2018-04-25,JKHY,NASDAQ,120.44,121.4,118.93,119.25,216060.0,3083.0
2018-04-26,JKHY,NASDAQ,119.74,122.475,119.74,121.71,251826.0,3002.0
2018-04-27,JKHY,NASDAQ,121.76,121.76,120.02,120.11,208857.0,2796.0
2018-04-30,JKHY,NASDAQ,120.54,121.46,119.45,119.48,397337.0,4323.0
2018-05-01,JKHY,NASDAQ,119.4,121.88,119.4,121.43,328810.0,4638.0
2018-05-02,JKHY,NASDAQ,121.73,122.0,116.79,117.93,502718.0,6819.0
2018-05-03,JKHY,NASDAQ,118.32,121.12,118.27,120.86,552368.0,6017.0
2018-05-04,JKHY,NASDAQ,120.92,123.835,120.48,122.91,335647.0,4004.0
2018-05-07,JKHY,NASDAQ,122.72,122.98,121.14,121.8,621233.0,6261.0
2018-05-08,JKHY,NASDAQ,120.41,122.84,120.28,122.13,425838.0,4497.0
2018-05-09,JKHY,NASDAQ,122.46,123.21,121.28,122.73,311125.0,3110.0
2018-05-10,JKHY,NASDAQ,123.24,123.79,122.86,123.04,386155.0,3840.0
2018-05-11,JKHY,NASDAQ,122.83,124.25,122.83,123.99,207063.0,2747.0
2018-05-14,JKHY,NASDAQ,123.96,123.96,121.57,122.24,252357.0,2677.0
2018-05-15,JKHY,NASDAQ,122.14,122.165,120.81,121.46,290658.0,3380.0
2018-05-16,JKHY,NASDAQ,121.21,122.86,121.21,122.28,245111.0,3336.0
2018-05-17,JKHY,NASDAQ,122.05,122.92,121.41,122.25,182788.0,3310.0
2018-05-18,JKHY,NASDAQ,121.85,122.95,120.92,122.41,241989.0,2841.0
2018-05-21,JKHY,NASDAQ,122.5,123.38,121.75,122.34,294150.0,3678.0
2018-05-22,JKHY,NASDAQ,122.32,122.32,119.615,120.24,369367.0,4375.0
2018-05-23,JKHY,NASDAQ,119.3,121.85,119.3,121.77,295632.0,3690.0
2018-05-24,JKHY,NASDAQ,121.84,122.66,121.32,122.13,273815.0,3574.0
2018-05-25,JKHY,NASDAQ,122.43,122.96,121.53,121.72,200107.0,2858.0
2018-05-29,JKHY,NASDAQ,121.25,122.315,121.11,122.04,367584.0,4647.0
2018-05-30,JKHY,NASDAQ,122.53,124.72,122.345,123.83,459233.0,4717.0
2018-05-31,JKHY,NASDAQ,124.06,125.215,122.89,125.06,858554.0,6264.0
2018-06-01,JKHY,NASDAQ,125.71,126.43,124.8,124.82,323751.0,3928.0
2018-06-04,JKHY,NASDAQ,124.97,127.22,124.97,126.83,357693.0,3574.0
2018-06-05,JKHY,NASDAQ,126.88,127.98,126.72,127.13,239647.0,2844.0
2018-06-06,JKHY,NASDAQ,127.51,129.19,126.92,129.13,326755.0,3326.0
2018-06-07,JKHY,NASDAQ,129.47,129.655,127.9013,128.6,269768.0,3605.0
2018-06-08,JKHY,NASDAQ,128.52,129.73,128.02,129.65,301803.0,3475.0
2018-06-11,JKHY,NASDAQ,129.98,130.0,128.64,129.05,372112.0,2934.0
2018-06-12,JKHY,NASDAQ,129.01,129.9,128.54,129.56,300742.0,3359.0
2018-06-13,JKHY,NASDAQ,129.97,130.7,127.71,129.59,313068.0,2550.0
2018-06-14,JKHY,NASDAQ,129.95,131.3,129.63,131.09,306255.0,3562.0
2018-06-15,JKHY,NASDAQ,130.54,131.57,129.96,131.29,540218.0,3594.0
2018-06-18,JKHY,NASDAQ,130.17,132.34,129.98,132.11,220720.0,3391.0
2018-06-19,JKHY,NASDAQ,131.4,133.29,131.0,133.15,411242.0,4530.0
2018-06-20,JKHY,NASDAQ,133.13,133.47,130.98,131.14,562443.0,6338.0
2018-06-21,JKHY,NASDAQ,131.43,131.7623,130.21,131.03,313031.0,4152.0
2018-06-22,JKHY,NASDAQ,131.21,132.0562,130.0886,131.31,484707.0,4128.0
2018-06-25,JKHY,NASDAQ,131.16,131.16,128.91,129.47,363840.0,4484.0
2018-06-26,JKHY,NASDAQ,129.57,130.41,129.04,129.93,323682.0,3914.0
2018-06-27,JKHY,NASDAQ,130.44,130.73,128.38,128.41,306938.0,3790.0
2018-06-28,JKHY,NASDAQ,128.1,129.95,127.67,129.41,362131.0,4589.0
2018-06-29,JKHY,NASDAQ,129.85,131.01,129.59,130.36,549539.0,4775.0
2018-07-02,JKHY,NASDAQ,129.88,130.75,129.59,130.6,320039.0,3032.0
2018-07-03,JKHY,NASDAQ,131.18,132.25,130.26,131.76,199408.0,2584.0
2018-07-05,JKHY,NASDAQ,132.03,132.69,130.69,132.61,304841.0,3581.0
2018-07-06,JKHY,NASDAQ,132.54,133.803,132.49,133.66,239414.0,3768.0
2018-07-09,JKHY,NASDAQ,134.07,134.72,133.94,134.62,271006.0,3307.0
2018-07-10,JKHY,NASDAQ,134.96,134.98,133.61,134.25,232542.0,2467.0
2018-07-11,JKHY,NASDAQ,134.26,135.6215,134.08,135.3,243898.0,2954.0
2018-07-12,JKHY,NASDAQ,136.0,137.11,136.0,136.95,359763.0,3995.0
2018-07-13,JKHY,NASDAQ,137.07,137.07,135.23,135.38,326047.0,4024.0
2018-07-16,JKHY,NASDAQ,135.62,135.88,134.79,135.17,179346.0,2442.0
2018-07-17,JKHY,NASDAQ,135.07,136.48,134.75,136.27,255687.0,3125.0
2018-07-18,JKHY,NASDAQ,136.6,136.9,135.16,135.8,510761.0,4524.0
2018-07-19,JKHY,NASDAQ,135.81,136.315,134.35,135.8,350057.0,4490.0
2018-07-20,JKHY,NASDAQ,135.85,136.365,135.47,135.91,235697.0,2941.0
2018-07-23,JKHY,NASDAQ,135.92,137.02,135.563,136.89,219569.0,3214.0
2018-07-24,JKHY,NASDAQ,137.22,137.54,135.63,137.44,260673.0,3758.0
2018-07-25,JKHY,NASDAQ,137.45,138.758,137.45,138.36,395774.0,3409.0
2018-07-26,JKHY,NASDAQ,138.36,139.095,136.23,138.71,200552.0,2635.0
2018-07-27,JKHY,NASDAQ,138.87,139.74,136.02,137.39,289565.0,3558.0
2018-07-30,JKHY,NASDAQ,137.38,137.38,135.045,135.11,274951.0,2979.0
2018-07-31,JKHY,NASDAQ,135.77,136.09,134.07,134.7,430638.0,4678.0
2018-08-01,JKHY,NASDAQ,134.7,136.18,134.205,136.05,296805.0,3551.0
2018-08-02,JKHY,NASDAQ,135.2,138.98,135.2,138.18,291974.0,3365.0
2018-08-03,JKHY,NASDAQ,138.15,138.73,136.9454,138.63,140977.0,2210.0
2018-08-06,JKHY,NASDAQ,138.64,139.93,138.56,139.78,208820.0,3105.0
2018-08-07,JKHY,NASDAQ,140.0,140.95,139.3,140.48,209911.0,3113.0
2018-08-08,JKHY,NASDAQ,140.47,140.89,140.24,140.49,213922.0,2928.0
2018-08-09,JKHY,NASDAQ,140.76,141.62,140.42,141.01,314099.0,3538.0
2018-08-10,JKHY,NASDAQ,140.63,142.2783,140.63,140.72,213106.0,3192.0
2018-08-13,JKHY,NASDAQ,140.95,143.18,139.99,141.67,265224.0,3696.0
2018-08-14,JKHY,NASDAQ,141.67,143.66,141.26,143.07,378297.0,3909.0
2018-08-15,JKHY,NASDAQ,142.85,142.95,141.275,142.89,232835.0,3364.0
2018-08-16,JKHY,NASDAQ,143.5,143.75,142.2,142.5,277778.0,3249.0
2018-08-17,JKHY,NASDAQ,142.39,143.59,141.9,143.24,255186.0,3699.0
2018-08-20,JKHY,NASDAQ,143.57,144.61,142.91,144.49,372389.0,3266.0
2018-08-21,JKHY,NASDAQ,144.12,145.53,143.11,144.1,834142.0,8728.0
2018-08-22,JKHY,NASDAQ,147.81,155.79,145.225,155.29,1222886.0,13089.0
2018-08-23,JKHY,NASDAQ,155.43,159.42,155.43,156.6,937323.0,10866.0
2018-08-24,JKHY,NASDAQ,156.95,159.39,156.63,158.47,479777.0,6412.0
2018-08-27,JKHY,NASDAQ,159.0,159.99,156.58,157.21,773067.0,7802.0
2018-08-28,JKHY,NASDAQ,157.65,159.46,156.27,157.01,688025.0,7145.0
2018-08-29,JKHY,NASDAQ,157.01,158.58,157.01,157.63,724908.0,6203.0
2018-08-30,JKHY,NASDAQ,157.41,158.71,157.13,158.16,394718.0,4842.0
2018-08-31,JKHY,NASDAQ,157.9,158.54,156.98,158.44,497825.0,5007.0
2018-09-04,JKHY,NASDAQ,158.7,159.61,157.43,159.28,382184.0,5814.0
2018-09-05,JKHY,NASDAQ,159.69,159.77,157.44,157.98,496589.0,5593.0
2018-09-06,JKHY,NASDAQ,158.31,159.87,157.745,159.57,453998.0,4193.0
2018-09-07,JKHY,NASDAQ,159.11,160.97,159.09,160.0,453153.0,5729.0
2018-09-10,JKHY,NASDAQ,160.07,162.2678,159.285,159.8,438262.0,6302.0
2018-09-11,JKHY,NASDAQ,159.61,160.81,159.02,160.51,323150.0,4482.0
2018-09-12,JKHY,NASDAQ,160.06,161.78,159.01,161.54,370361.0,4390.0
2018-09-13,JKHY,NASDAQ,161.68,162.85,161.01,161.82,357057.0,4665.0
2018-09-14,JKHY,NASDAQ,161.92,163.51,161.92,162.86,614469.0,5559.0
2018-09-17,JKHY,NASDAQ,162.87,163.6804,159.9,159.94,678537.0,6058.0
2018-09-18,JKHY,NASDAQ,160.0,161.4,159.01,161.24,340954.0,4330.0
2018-09-19,JKHY,NASDAQ,160.95,161.23,159.09,159.43,638390.0,4057.0
2018-09-20,JKHY,NASDAQ,159.71,160.3,158.7,160.28,566219.0,4169.0
2018-09-21,JKHY,NASDAQ,159.76,161.03,158.89,159.21,930941.0,4516.0
2018-09-24,JKHY,NASDAQ,159.33,159.8585,158.32,159.51,706143.0,4121.0
2018-09-25,JKHY,NASDAQ,158.9,162.13,158.88,159.76,754229.0,5184.0
2018-09-26,JKHY,NASDAQ,160.1,160.95,157.91,158.25,523256.0,5849.0
2018-09-27,JKHY,NASDAQ,158.84,160.37,157.3,159.19,313626.0,3913.0
2018-09-28,JKHY,NASDAQ,158.92,161.11,158.92,160.08,418735.0,4264.0
2018-10-01,JKHY,NASDAQ,160.97,162.08,158.71,159.04,472440.0,4754.0
2018-10-02,JKHY,NASDAQ,159.22,159.84,158.02,159.12,355239.0,4387.0
2018-10-03,JKHY,NASDAQ,159.65,160.72,158.72,159.06,342457.0,4557.0
2018-10-04,JKHY,NASDAQ,158.56,159.49,156.61,157.8,486088.0,5018.0
2018-10-05,JKHY,NASDAQ,158.01,159.28,157.54,158.66,408979.0,4760.0
2018-10-08,JKHY,NASDAQ,158.2,159.09,150.63,154.32,623248.0,6972.0
2018-10-09,JKHY,NASDAQ,154.56,157.78,153.6948,156.58,436165.0,6532.0
2018-10-10,JKHY,NASDAQ,156.27,156.95,149.81,150.04,606347.0,7233.0
2018-10-11,JKHY,NASDAQ,150.0,151.49,147.15,147.32,658464.0,9320.0
2018-10-12,JKHY,NASDAQ,149.82,152.35,147.69,150.08,500227.0,6179.0
2018-10-15,JKHY,NASDAQ,149.57,151.19,148.315,149.77,394396.0,4103.0
2018-10-16,JKHY,NASDAQ,151.17,154.43,150.27,154.23,302628.0,4034.0
2018-10-17,JKHY,NASDAQ,154.28,155.0827,153.26,154.82,464429.0,3814.0
2018-10-18,JKHY,NASDAQ,154.95,155.32,152.11,152.94,362696.0,4388.0
2018-10-19,JKHY,NASDAQ,154.05,154.88,152.12,152.95,357839.0,3825.0
2018-10-22,JKHY,NASDAQ,153.79,155.53,152.07,153.92,317629.0,4222.0
2018-10-23,JKHY,NASDAQ,151.15,152.92,149.19,151.81,425088.0,4924.0
2018-10-24,JKHY,NASDAQ,151.11,152.05,148.85,148.85,739367.0,7056.0
2018-10-25,JKHY,NASDAQ,150.03,151.43,148.575,150.43,598754.0,6201.0
2018-10-26,JKHY,NASDAQ,147.69,150.14,146.0,148.95,500889.0,5620.0
2018-10-29,JKHY,NASDAQ,151.3,151.44,144.31,146.08,740090.0,6360.0
2018-10-30,JKHY,NASDAQ,146.07,149.15,144.5638,147.84,631756.0,7646.0
2018-10-31,JKHY,NASDAQ,149.49,152.41,147.28,149.83,740699.0,8888.0
2018-11-01,JKHY,NASDAQ,150.28,152.4074,148.15,149.62,511682.0,5994.0
2018-11-02,JKHY,NASDAQ,150.0,151.21,148.27,149.21,498082.0,5180.0
2018-11-05,JKHY,NASDAQ,149.22,150.67,148.227,149.72,365778.0,4408.0
2018-11-06,JKHY,NASDAQ,149.68,151.51,149.49,150.74,465051.0,5984.0
2018-11-07,JKHY,NASDAQ,150.0,150.0,144.99,146.65,887787.0,9475.0
2018-11-08,JKHY,NASDAQ,142.7,144.7,142.01,143.1,2016833.0,20757.0
2018-11-09,JKHY,NASDAQ,142.38,142.89,140.4701,141.5,1417639.0,15904.0
2018-11-12,JKHY,NASDAQ,141.75,142.59,139.69,141.31,19373632.0,22899.0
2018-11-13,JKHY,NASDAQ,142.3,143.19,137.99,138.71,1265203.0,13657.0
2018-11-14,JKHY,NASDAQ,140.0,140.5,135.53,135.7,1123566.0,10775.0
2018-11-15,JKHY,NASDAQ,135.55,138.68,134.61,138.65,704022.0,8440.0
2018-11-16,JKHY,NASDAQ,138.01,139.49,136.337,138.93,512462.0,5975.0
2018-11-19,JKHY,NASDAQ,138.62,138.62,134.7,135.27,632924.0,7002.0
2018-11-20,JKHY,NASDAQ,134.03,135.735,132.7,134.81,814782.0,8889.0
2018-11-21,JKHY,NASDAQ,135.3,137.305,134.845,136.19,405514.0,4813.0
2018-11-23,JKHY,NASDAQ,135.67,136.68,135.26,135.76,210484.0,2674.0
2018-11-26,JKHY,NASDAQ,137.0,137.6,136.01,137.11,573613.0,7075.0
2018-11-27,JKHY,NASDAQ,136.39,137.25,135.08,136.02,706542.0,7770.0
2018-11-28,JKHY,NASDAQ,136.84,140.79,136.555,140.75,674767.0,7555.0
2018-11-29,JKHY,NASDAQ,140.37,140.75,138.08,139.13,864813.0,8997.0
2018-11-30,JKHY,NASDAQ,138.17,139.84,138.02,139.7,927507.0,6296.0
2018-12-03,JKHY,NASDAQ,141.51,142.07,139.05,141.3,779545.0,9610.0
2018-12-04,JKHY,NASDAQ,140.7,141.575,136.8,137.16,607322.0,7908.0
2018-12-06,JKHY,NASDAQ,135.2,136.07,133.74,135.95,780026.0,8973.0
2018-12-07,JKHY,NASDAQ,135.29,137.13,132.716,133.75,600553.0,6789.0
2018-12-10,JKHY,NASDAQ,133.84,136.0,132.44,134.77,452442.0,5421.0
2018-12-11,JKHY,NASDAQ,136.32,137.98,133.6657,134.46,435989.0,5398.0
2018-12-12,JKHY,NASDAQ,136.23,137.12,134.64,134.74,413129.0,4497.0
2018-12-13,JKHY,NASDAQ,135.31,135.31,132.98,133.72,415137.0,5699.0
2018-12-14,JKHY,NASDAQ,133.06,133.72,131.1,131.37,478563.0,7177.0
2018-12-17,JKHY,NASDAQ,130.83,131.52,128.1,128.75,463786.0,6473.0
2018-12-18,JKHY,NASDAQ,129.24,130.64,127.57,128.4,442134.0,5709.0
2018-12-19,JKHY,NASDAQ,128.72,131.045,125.95,127.21,584954.0,6433.0
2018-12-20,JKHY,NASDAQ,127.0,127.76,124.29,126.01,758260.0,8051.0
2018-12-21,JKHY,NASDAQ,126.2,128.46,123.14,123.55,1084496.0,7179.0
2018-12-24,JKHY,NASDAQ,123.09,123.74,121.0,121.07,326360.0,4315.0
2018-12-26,JKHY,NASDAQ,122.01,125.42,120.2,125.36,378706.0,5761.0
2018-12-27,JKHY,NASDAQ,123.79,126.39,122.18,126.27,461174.0,6048.0
2018-12-28,JKHY,NASDAQ,126.97,127.217,124.0,125.28,421298.0,6729.0
2018-12-31,JKHY,NASDAQ,126.44,126.68,124.89,126.52,396936.0,5144.0
2019-01-02,JKHY,NASDAQ,124.55,126.3,123.45,124.19,644424.0,9463.0
2019-01-03,JKHY,NASDAQ,123.27,124.0,120.99,121.23,383576.0,7389.0
2019-01-04,JKHY,NASDAQ,122.68,124.76,122.095,124.04,425257.0,5727.0
2019-01-07,JKHY,NASDAQ,124.27,125.0527,123.01,123.82,465907.0,4969.0
2019-01-08,JKHY,NASDAQ,124.54,126.0587,122.92,125.92,526071.0,6359.0
2019-01-09,JKHY,NASDAQ,126.51,126.81,125.27,126.34,538632.0,5887.0
2019-01-10,JKHY,NASDAQ,125.5,126.58,125.09,126.13,514112.0,5857.0
2019-01-11,JKHY,NASDAQ,125.51,126.85,125.41,126.73,345602.0,4584.0
2019-01-14,JKHY,NASDAQ,125.82,126.98,125.435,126.44,446649.0,4966.0
2019-01-15,JKHY,NASDAQ,127.02,129.09,126.6425,128.8,369477.0,5717.0
2019-01-16,JKHY,NASDAQ,128.76,130.25,127.7174,130.05,551821.0,7435.0
2019-01-17,JKHY,NASDAQ,129.75,130.925,129.28,129.5,409743.0,5488.0
2019-01-18,JKHY,NASDAQ,130.19,131.01,128.88,130.87,627559.0,7306.0
2019-01-22,JKHY,NASDAQ,130.75,130.875,128.78,129.53,622812.0,5664.0
2019-01-23,JKHY,NASDAQ,130.07,131.1939,129.64,130.29,409342.0,6474.0
2019-01-24,JKHY,NASDAQ,130.36,131.28,130.21,131.15,274031.0,4092.0
2019-01-25,JKHY,NASDAQ,132.2,132.71,131.21,132.45,308547.0,3964.0
2019-01-28,JKHY,NASDAQ,131.53,132.45,130.95,132.38,281370.0,4765.0
2019-01-29,JKHY,NASDAQ,132.6,132.92,129.835,131.14,555474.0,6958.0
2019-01-30,JKHY,NASDAQ,131.58,133.33,130.62,133.06,413926.0,4629.0
2019-01-31,JKHY,NASDAQ,132.83,133.83,131.64,133.55,852330.0,7457.0
2019-02-01,JKHY,NASDAQ,133.54,135.12,132.61,135.02,623523.0,6406.0
2019-02-04,JKHY,NASDAQ,135.33,135.84,133.275,135.61,465735.0,6649.0
2019-02-05,JKHY,NASDAQ,136.27,136.73,135.32,135.79,678610.0,8352.0
2019-02-06,JKHY,NASDAQ,129.09,133.97,126.0,132.05,1175878.0,14145.0
2019-02-07,JKHY,NASDAQ,131.44,132.74,130.985,131.78,573783.0,7571.0
2019-02-08,JKHY,NASDAQ,131.18,132.67,130.93,132.67,478573.0,5954.0
2019-02-11,JKHY,NASDAQ,133.22,133.74,131.3,131.43,659288.0,7818.0
2019-02-12,JKHY,NASDAQ,132.05,133.62,131.66,132.71,746262.0,9609.0
2019-02-13,JKHY,NASDAQ,133.46,134.32,133.24,133.53,464184.0,6123.0
2019-02-14,JKHY,NASDAQ,133.49,134.695,132.3,132.37,510312.0,6889.0
2019-02-15,JKHY,NASDAQ,133.21,134.09,132.78,133.79,1596822.0,7830.0
2019-02-19,JKHY,NASDAQ,133.68,134.0,132.78,132.84,666084.0,7970.0
2019-02-20,JKHY,NASDAQ,133.51,133.51,131.96,132.83,547571.0,6295.0
2019-02-21,JKHY,NASDAQ,132.62,132.67,131.27,131.63,474272.0,6992.0
2019-02-22,JKHY,NASDAQ,132.24,132.64,131.55,132.56,649039.0,7067.0
2019-02-25,JKHY,NASDAQ,133.51,133.51,131.94,132.3,391746.0,5845.0
2019-02-26,JKHY,NASDAQ,132.44,133.5625,131.65,132.89,425597.0,6228.0
2019-02-27,JKHY,NASDAQ,132.32,133.02,132.03,132.84,366553.0,5145.0
2019-02-28,JKHY,NASDAQ,132.56,133.58,132.3,132.63,553656.0,5930.0
2019-03-01,JKHY,NASDAQ,133.72,133.87,132.75,133.76,412150.0,6360.0
2019-03-04,JKHY,NASDAQ,134.2,134.3515,131.79,132.98,447803.0,6579.0
2019-03-05,JKHY,NASDAQ,133.34,133.68,132.71,133.0,348000.0,4523.0
2019-03-06,JKHY,NASDAQ,133.04,133.37,131.8,131.82,308823.0,5077.0
2019-03-07,JKHY,NASDAQ,131.44,131.8,130.29,131.0,440928.0,5679.0
2019-03-08,JKHY,NASDAQ,130.07,131.4,129.7,131.33,360987.0,5507.0
2019-03-11,JKHY,NASDAQ,131.4,133.49,131.365,133.46,357737.0,5615.0
2019-03-12,JKHY,NASDAQ,133.83,134.54,133.38,134.31,334931.0,5600.0
2019-03-13,JKHY,NASDAQ,135.0,136.42,134.33,135.7,614265.0,7657.0
2019-03-14,JKHY,NASDAQ,135.78,136.91,134.81,135.84,536658.0,5774.0
2019-03-15,JKHY,NASDAQ,136.0,137.56,135.81,137.24,726199.0,6500.0
2019-03-18,JKHY,NASDAQ,137.98,139.05,137.05,138.13,714325.0,8461.0
2019-03-19,JKHY,NASDAQ,138.83,138.83,136.75,136.98,427225.0,6554.0
2019-03-20,JKHY,NASDAQ,136.61,136.81,134.47,135.06,388765.0,5038.0
2019-03-21,JKHY,NASDAQ,134.61,138.1,134.2468,137.87,464338.0,5569.0
2019-03-22,JKHY,NASDAQ,137.63,137.83,135.69,135.77,333608.0,5328.0
2019-03-25,JKHY,NASDAQ,135.27,135.706,134.81,135.18,340665.0,5848.0
2019-03-26,JKHY,NASDAQ,136.11,137.4,135.88,137.16,338197.0,4444.0
2019-03-27,JKHY,NASDAQ,137.26,138.0,136.33,137.61,260584.0,3900.0
2019-03-28,JKHY,NASDAQ,138.11,138.6168,137.6,138.17,348760.0,4017.0
2019-03-29,JKHY,NASDAQ,139.19,139.24,138.08,138.74,367022.0,4805.0
2019-04-01,JKHY,NASDAQ,139.34,140.45,138.65,140.34,349627.0,5334.0
2019-04-02,JKHY,NASDAQ,140.31,142.01,139.36,141.78,495642.0,5846.0
2019-04-03,JKHY,NASDAQ,142.2,143.17,141.5,142.59,494981.0,5696.0
2019-04-04,JKHY,NASDAQ,142.73,143.25,141.27,141.75,397982.0,5431.0
2019-04-05,JKHY,NASDAQ,142.0,142.72,141.49,141.95,310482.0,4227.0
2019-04-08,JKHY,NASDAQ,141.73,141.73,140.41,141.37,276096.0,4759.0
2019-04-09,JKHY,NASDAQ,140.59,141.74,140.59,141.2,264496.0,4564.0
2019-04-10,JKHY,NASDAQ,141.27,142.61,141.0382,142.06,318563.0,4523.0
2019-04-11,JKHY,NASDAQ,142.61,143.21,141.88,143.13,331742.0,4891.0
2019-04-12,JKHY,NASDAQ,143.57,144.17,142.99,144.12,431165.0,3973.0
2019-04-15,JKHY,NASDAQ,144.1,144.99,143.54,144.06,476447.0,5713.0
2019-04-16,JKHY,NASDAQ,144.3,144.4,143.41,143.84,321024.0,5585.0
2019-04-17,JKHY,NASDAQ,144.19,144.2,143.53,143.83,305707.0,4632.0
2019-04-18,JKHY,NASDAQ,143.78,143.78,142.71,143.5,266173.0,3503.0
2019-04-22,JKHY,NASDAQ,143.01,144.62,142.4,144.5,213017.0,3891.0
2019-04-23,JKHY,NASDAQ,144.88,146.55,144.32,146.37,437109.0,4443.0
2019-04-24,JKHY,NASDAQ,146.76,147.58,146.24,146.84,437761.0,5587.0
2019-04-25,JKHY,NASDAQ,146.86,147.495,145.97,147.3,271120.0,4283.0
2019-04-26,JKHY,NASDAQ,147.33,148.14,146.89,148.14,302154.0,3913.0
2019-04-29,JKHY,NASDAQ,148.24,148.8,147.65,148.62,344851.0,4730.0
2019-04-30,JKHY,NASDAQ,149.0,150.79,148.23,149.06,470560.0,5625.0
2019-05-01,JKHY,NASDAQ,145.4,146.44,139.22,140.69,1204532.0,13977.0
2019-05-02,JKHY,NASDAQ,140.33,141.66,138.39,138.81,764741.0,9692.0
2019-05-03,JKHY,NASDAQ,139.49,139.49,136.75,137.58,568622.0,6982.0
2019-05-06,JKHY,NASDAQ,136.02,138.1,136.02,137.93,292700.0,4258.0
2019-05-07,JKHY,NASDAQ,136.98,137.5945,134.41,135.01,652772.0,8405.0
2019-05-08,JKHY,NASDAQ,134.79,135.33,133.805,134.41,432834.0,6070.0
2019-05-09,JKHY,NASDAQ,133.37,134.28,131.92,133.91,418692.0,5644.0
2019-05-10,JKHY,NASDAQ,133.31,134.99,131.86,134.77,289448.0,5056.0
2019-05-13,JKHY,NASDAQ,133.06,134.52,132.46,132.95,595404.0,8533.0
2019-05-14,JKHY,NASDAQ,133.75,136.08,133.53,135.21,555551.0,8061.0
2019-05-15,JKHY,NASDAQ,134.4,135.7737,134.4,134.83,438840.0,5793.0
2019-05-16,JKHY,NASDAQ,135.2,136.95,135.11,136.1,407823.0,4758.0
2019-05-17,JKHY,NASDAQ,135.03,136.71,134.76,135.75,404351.0,5643.0
2019-05-20,JKHY,NASDAQ,134.81,136.395,134.26,135.68,368036.0,5543.0
2019-05-21,JKHY,NASDAQ,136.3,137.575,136.24,136.69,407198.0,5193.0
2019-05-22,JKHY,NASDAQ,136.24,137.24,135.26,135.65,363146.0,4996.0
2019-05-23,JKHY,NASDAQ,134.59,135.68,131.89,132.28,403671.0,5638.0
2019-05-24,JKHY,NASDAQ,133.41,134.65,131.9189,132.49,348677.0,5290.0
2019-05-28,JKHY,NASDAQ,133.0,133.95,130.86,130.96,525663.0,5974.0
2019-05-29,JKHY,NASDAQ,130.85,131.56,129.22,131.44,375484.0,5858.0
2019-05-30,JKHY,NASDAQ,131.58,132.535,130.76,132.22,256392.0,3942.0
2019-05-31,JKHY,NASDAQ,131.5,132.45,130.465,131.22,376889.0,4896.0
2019-06-03,JKHY,NASDAQ,131.45,131.6,129.82,130.7,444048.0,8146.0
2019-06-04,JKHY,NASDAQ,131.99,132.7,130.21,132.67,284743.0,4960.0
2019-06-05,JKHY,NASDAQ,133.54,134.58,132.38,133.6,346009.0,4726.0
2019-06-06,JKHY,NASDAQ,133.35,133.64,132.66,133.38,250338.0,3839.0
2019-06-07,JKHY,NASDAQ,134.06,136.06,134.06,135.39,258561.0,4227.0
2019-06-10,JKHY,NASDAQ,136.23,137.33,135.98,136.92,210185.0,4307.0
2019-06-11,JKHY,NASDAQ,137.48,137.93,135.72,136.79,213964.0,3567.0
2019-06-12,JKHY,NASDAQ,136.92,138.89,136.13,138.59,288932.0,5359.0
2019-06-13,JKHY,NASDAQ,139.11,139.35,137.29,137.97,405238.0,5482.0
2019-06-14,JKHY,NASDAQ,137.85,138.48,137.44,137.81,199974.0,3758.0
2019-06-17,JKHY,NASDAQ,138.38,139.24,136.935,137.09,203217.0,3481.0
2019-06-18,JKHY,NASDAQ,138.54,138.54,136.305,137.34,453671.0,5519.0
2019-06-19,JKHY,NASDAQ,137.88,138.35,136.59,138.19,423728.0,6322.0
2019-06-20,JKHY,NASDAQ,138.64,139.935,137.91,138.62,324426.0,4197.0
2019-06-21,JKHY,NASDAQ,138.74,138.82,136.94,137.34,411685.0,5092.0
2019-06-24,JKHY,NASDAQ,137.67,137.695,136.65,136.91,358676.0,4243.0
2019-06-25,JKHY,NASDAQ,136.83,136.88,135.6,135.65,226229.0,4651.0
2019-06-26,JKHY,NASDAQ,136.45,137.4,134.38,134.41,391927.0,5370.0
2019-06-27,JKHY,NASDAQ,135.04,135.44,134.37,134.54,480361.0,5859.0
2019-06-28,JKHY,NASDAQ,135.0,135.91,133.57,133.92,887941.0,7574.0
2019-07-01,JKHY,NASDAQ,136.59,137.29,135.31,136.42,377212.0,5580.0
2019-07-02,JKHY,NASDAQ,136.72,136.82,134.8435,135.94,469552.0,5851.0
2019-07-03,JKHY,NASDAQ,136.14,137.62,135.37,137.61,205419.0,2923.0
2019-07-05,JKHY,NASDAQ,136.88,137.76,135.48,137.15,238978.0,3415.0
2019-07-08,JKHY,NASDAQ,136.48,137.29,135.67,136.12,417269.0,6239.0
2019-07-09,JKHY,NASDAQ,135.94,136.75,135.3,136.68,281380.0,4673.0
2019-07-10,JKHY,NASDAQ,137.01,137.5,136.515,137.4,370514.0,7437.0
2019-07-11,JKHY,NASDAQ,137.84,139.0,137.66,138.89,332363.0,4576.0
2019-07-12,JKHY,NASDAQ,139.44,140.29,139.4,139.91,397814.0,5464.0
2019-07-15,JKHY,NASDAQ,139.9,141.0,139.6,140.5,321982.0,5479.0
2019-07-16,JKHY,NASDAQ,140.88,140.97,140.21,140.46,261540.0,5496.0
2019-07-17,JKHY,NASDAQ,140.79,141.5,140.165,141.05,216129.0,4234.0
2019-07-18,JKHY,NASDAQ,140.8,143.06,139.6801,142.6,407149.0,6730.0
2019-07-19,JKHY,NASDAQ,142.95,144.3699,141.55,141.6,442486.0,6376.0
2019-07-22,JKHY,NASDAQ,141.76,142.075,138.53,138.84,419383.0,6112.0
2019-07-23,JKHY,NASDAQ,139.77,139.835,138.0,138.85,329332.0,5579.0
2019-07-24,JKHY,NASDAQ,138.31,139.395,135.44,136.49,560549.0,8675.0
2019-07-25,JKHY,NASDAQ,136.49,138.13,136.02,138.0,406258.0,5802.0
2019-07-26,JKHY,NASDAQ,138.77,140.75,138.77,140.26,368799.0,5929.0
2019-07-29,JKHY,NASDAQ,140.12,141.11,139.53,141.01,301230.0,5943.0
2019-07-30,JKHY,NASDAQ,140.71,140.92,136.01,139.12,346401.0,6872.0
2019-07-31,JKHY,NASDAQ,139.18,140.77,138.84,139.7,520798.0,7331.0
2019-08-01,JKHY,NASDAQ,139.82,141.44,136.1339,140.47,354181.0,6931.0
2019-08-02,JKHY,NASDAQ,140.3,140.3,137.475,138.77,264594.0,5309.0
2019-08-05,JKHY,NASDAQ,137.06,137.79,133.295,133.8,607938.0,7982.0
2019-08-06,JKHY,NASDAQ,134.53,136.02,134.12,135.87,381100.0,6028.0
2019-08-07,JKHY,NASDAQ,134.15,137.99,133.75,137.08,403769.0,9368.0
2019-08-08,JKHY,NASDAQ,137.38,140.98,135.01,140.82,297131.0,4988.0
2019-08-09,JKHY,NASDAQ,140.55,141.23,139.16,140.62,221815.0,4044.0
2019-08-12,JKHY,NASDAQ,139.92,140.7,137.95,138.32,202564.0,3784.0
2019-08-13,JKHY,NASDAQ,138.22,140.75,137.97,140.21,235475.0,4531.0
2019-08-14,JKHY,NASDAQ,138.2,139.18,137.5,138.18,383766.0,6837.0
2019-08-15,JKHY,NASDAQ,138.65,143.57,138.38,141.94,725678.0,13091.0
2019-08-16,JKHY,NASDAQ,143.0,144.0133,141.82,141.92,644339.0,9986.0
2019-08-19,JKHY,NASDAQ,143.56,143.9862,140.91,141.53,600578.0,9415.0
2019-08-20,JKHY,NASDAQ,141.39,142.61,140.15,140.77,680610.0,10067.0
2019-08-21,JKHY,NASDAQ,143.07,145.86,140.71,142.36,779549.0,12541.0
2019-08-22,JKHY,NASDAQ,142.69,143.77,141.72,142.9,333961.0,6470.0
2019-08-23,JKHY,NASDAQ,142.23,143.94,138.39,138.85,365124.0,7130.0
2019-08-26,JKHY,NASDAQ,139.82,140.45,138.4,140.37,358462.0,5799.0
2019-08-27,JKHY,NASDAQ,141.39,142.925,140.75,142.6,540709.0,9403.0
2019-08-28,JKHY,NASDAQ,142.22,143.025,140.7172,142.59,393508.0,7189.0
2019-08-29,JKHY,NASDAQ,144.0,145.25,143.3053,145.0,271860.0,5288.0
2019-08-30,JKHY,NASDAQ,145.98,146.15,144.33,144.96,408743.0,6321.0
2019-09-03,JKHY,NASDAQ,144.4,145.32,143.287,144.57,419276.0,7412.0
2019-09-04,JKHY,NASDAQ,145.38,145.95,144.28,145.83,315445.0,6703.0
2019-09-05,JKHY,NASDAQ,147.82,148.96,146.94,148.51,368648.0,7671.0
2019-09-06,JKHY,NASDAQ,147.94,148.85,147.68,147.74,307454.0,5897.0
2019-09-09,JKHY,NASDAQ,148.53,148.7,146.59,147.51,279049.0,6282.0
2019-09-10,JKHY,NASDAQ,147.47,147.54,141.95,142.66,484205.0,9447.0
2019-09-11,JKHY,NASDAQ,142.24,145.33,142.0,145.02,367733.0,7561.0
2019-09-12,JKHY,NASDAQ,146.05,147.37,144.71,146.38,293723.0,6832.0
2019-09-13,JKHY,NASDAQ,146.09,147.09,144.94,145.21,246031.0,6448.0
2019-09-16,JKHY,NASDAQ,144.75,146.38,144.5,146.11,204291.0,4870.0
2019-09-17,JKHY,NASDAQ,145.98,147.32,145.42,147.22,311169.0,6128.0
2019-09-18,JKHY,NASDAQ,146.74,147.69,145.51,147.53,572426.0,7046.0
2019-09-19,JKHY,NASDAQ,148.2,148.49,147.12,147.86,314994.0,5734.0
2019-09-20,JKHY,NASDAQ,148.36,149.42,147.18,147.69,486395.0,5920.0
2019-09-23,JKHY,NASDAQ,147.29,147.99,145.215,145.36,274434.0,5370.0
2019-09-24,JKHY,NASDAQ,146.12,148.6,145.78,146.83,356588.0,6339.0
2019-09-25,JKHY,NASDAQ,146.47,147.03,145.02,146.75,272230.0,6162.0
2019-09-26,JKHY,NASDAQ,146.64,147.16,145.3107,146.74,481517.0,7967.0
2019-09-27,JKHY,NASDAQ,147.64,147.64,142.818,143.72,319952.0,6386.0
2019-09-30,JKHY,NASDAQ,144.12,146.21,143.48,145.97,675727.0,8009.0
2019-10-01,JKHY,NASDAQ,146.39,147.21,145.0,146.26,397210.0,8676.0
2019-10-02,JKHY,NASDAQ,145.16,145.22,143.05,144.55,445323.0,6774.0
2019-10-03,JKHY,NASDAQ,144.1,145.4511,143.15,144.5,311040.0,5508.0
2019-10-04,JKHY,NASDAQ,145.15,146.11,144.795,145.94,444900.0,7677.0
2019-10-07,JKHY,NASDAQ,145.88,146.0,143.895,144.81,520604.0,6759.0
2019-10-08,JKHY,NASDAQ,144.06,144.14,142.17,142.28,247178.0,5015.0
2019-10-09,JKHY,NASDAQ,142.82,143.83,142.13,142.34,454073.0,8151.0
2019-10-10,JKHY,NASDAQ,142.3,143.405,141.9731,142.75,277993.0,5803.0
2019-10-11,JKHY,NASDAQ,143.69,144.28,142.06,142.1,474739.0,7545.0
2019-10-14,JKHY,NASDAQ,141.56,142.62,140.745,141.98,238545.0,4892.0
2019-10-15,JKHY,NASDAQ,142.6,143.685,141.3,142.63,839588.0,11679.0
2019-10-16,JKHY,NASDAQ,142.95,144.08,141.13,143.7,412416.0,5903.0
2019-10-17,JKHY,NASDAQ,143.79,144.73,142.555,143.4,273251.0,5332.0
2019-10-18,JKHY,NASDAQ,143.07,143.71,142.08,143.48,336083.0,5748.0
2019-10-21,JKHY,NASDAQ,144.39,144.39,141.39,141.73,275298.0,5182.0
2019-10-22,JKHY,NASDAQ,141.99,142.895,139.08,139.16,291823.0,5942.0
2019-10-23,JKHY,NASDAQ,138.75,139.9331,138.18,138.49,292287.0,5571.0
2019-10-24,JKHY,NASDAQ,140.23,140.63,138.4,139.02,497961.0,7496.0
2019-10-25,JKHY,NASDAQ,138.82,140.47,138.51,139.53,853866.0,9452.0
2019-10-28,JKHY,NASDAQ,140.41,141.22,139.95,140.75,351886.0,5498.0
2019-10-29,JKHY,NASDAQ,140.9,142.015,140.24,141.33,415328.0,7072.0
2019-10-30,JKHY,NASDAQ,141.65,142.12,141.07,141.48,401903.0,8052.0
2019-10-31,JKHY,NASDAQ,141.55,142.42,140.93,141.56,386488.0,6683.0
2019-11-01,JKHY,NASDAQ,141.95,142.3,141.15,141.74,622223.0,8177.0
2019-11-04,JKHY,NASDAQ,142.94,143.25,141.52,142.72,865649.0,10271.0
2019-11-05,JKHY,NASDAQ,146.16,151.66,144.32,145.64,1762009.0,22930.0
2019-11-06,JKHY,NASDAQ,145.64,147.725,143.07,147.49,1044452.0,14475.0
2019-11-07,JKHY,NASDAQ,148.06,149.9378,147.5707,148.65,630558.0,8567.0
2019-11-08,JKHY,NASDAQ,147.68,149.71,147.245,149.51,349979.0,7000.0
2019-11-11,JKHY,NASDAQ,148.98,150.0,147.95,148.66,334075.0,7509.0
2019-11-12,JKHY,NASDAQ,148.9,149.425,146.735,147.31,451068.0,7769.0
2019-11-13,JKHY,NASDAQ,147.25,148.82,147.25,148.3,304778.0,5581.0
2019-11-14,JKHY,NASDAQ,148.24,148.27,147.3,148.09,414337.0,8866.0
2019-11-15,JKHY,NASDAQ,148.62,149.81,147.87,149.71,396046.0,6544.0
2019-11-18,JKHY,NASDAQ,149.94,150.79,149.18,150.66,341365.0,5922.0
2019-11-19,JKHY,NASDAQ,150.97,152.05,150.74,151.11,427012.0,7900.0
2019-11-20,JKHY,NASDAQ,150.86,151.7,149.14,150.35,330991.0,7574.0
2019-11-21,JKHY,NASDAQ,150.2,150.28,148.56,148.86,460756.0,7905.0
2019-11-22,JKHY,NASDAQ,149.07,149.88,147.76,149.45,354673.0,5693.0
2019-11-25,JKHY,NASDAQ,149.92,150.83,149.53,150.57,662065.0,7361.0
2019-11-26,JKHY,NASDAQ,150.85,152.345,150.3,151.79,728901.0,6263.0
2019-11-27,JKHY,NASDAQ,152.54,152.93,151.31,152.61,324142.0,5886.0
2019-11-29,JKHY,NASDAQ,152.05,152.61,151.42,151.94,149578.0,3104.0
2019-12-02,JKHY,NASDAQ,152.13,152.37,149.79,150.44,501036.0,6075.0
2019-12-03,JKHY,NASDAQ,150.46,151.97,149.39,150.15,356052.0,5822.0
2019-12-04,JKHY,NASDAQ,149.8,151.56,148.69,151.1,393042.0,7298.0
2019-12-05,JKHY,NASDAQ,151.64,151.64,150.09,150.72,269561.0,7928.0
2019-12-06,JKHY,NASDAQ,151.64,151.92,150.43,150.65,247545.0,5864.0
2019-12-09,JKHY,NASDAQ,150.6,151.245,148.83,148.87,270044.0,4704.0
2019-12-10,JKHY,NASDAQ,148.44,149.39,148.18,148.71,315079.0,6766.0
2019-12-11,JKHY,NASDAQ,145.43,146.5,144.46,145.54,602604.0,10155.0
2019-12-12,JKHY,NASDAQ,145.45,147.05,144.88,146.79,430612.0,9157.0
2019-12-13,JKHY,NASDAQ,146.72,147.32,145.59,145.86,526020.0,8223.0
2019-12-16,JKHY,NASDAQ,146.78,147.665,146.01,146.38,411385.0,7876.0
2019-12-17,JKHY,NASDAQ,146.84,147.83,146.29,146.98,413786.0,7572.0
2019-12-18,JKHY,NASDAQ,147.62,147.775,145.65,145.78,278698.0,5284.0
2019-12-19,JKHY,NASDAQ,145.59,146.7,144.43,146.09,341863.0,7089.0
2019-12-20,JKHY,NASDAQ,147.02,147.74,145.2,146.82,549261.0,6134.0
2019-12-23,JKHY,NASDAQ,147.02,147.25,146.2,146.32,273530.0,4769.0
2019-12-24,JKHY,NASDAQ,146.44,146.81,145.75,146.42,66729.0,1735.0
2019-12-26,JKHY,NASDAQ,146.41,146.57,145.6,146.11,168102.0,3687.0
2019-12-27,JKHY,NASDAQ,146.28,146.99,145.3,146.61,268782.0,4901.0
2019-12-30,JKHY,NASDAQ,146.74,146.74,144.9,145.39,213994.0,4680.0
2019-12-31,JKHY,NASDAQ,145.16,145.795,144.9,145.67,275357.0,4704.0
2020-01-02,JKHY,NASDAQ,146.47,146.78,145.3,145.89,446418.0,6951.0
2020-01-03,JKHY,NASDAQ,145.39,146.015,144.71,145.72,205657.0,4348.0
2020-01-06,JKHY,NASDAQ,144.92,146.81,144.505,146.73,243024.0,6164.0
2020-01-07,JKHY,NASDAQ,146.39,146.97,145.645,146.48,320669.0,8036.0
2020-01-08,JKHY,NASDAQ,147.04,147.74,146.35,146.71,458500.0,6399.0
2020-01-09,JKHY,NASDAQ,147.47,148.65,147.4336,148.62,311170.0,4893.0
2020-01-10,JKHY,NASDAQ,148.98,149.12,145.36,145.51,336527.0,7139.0
2020-01-13,JKHY,NASDAQ,145.79,147.56,145.74,147.19,336661.0,5894.0
2020-01-14,JKHY,NASDAQ,147.18,147.585,145.62,147.07,390201.0,8763.0
2020-01-15,JKHY,NASDAQ,147.01,149.36,146.62,148.65,437601.0,9042.0
2020-01-16,JKHY,NASDAQ,149.68,150.28,148.58,149.27,323727.0,6586.0
2020-01-17,JKHY,NASDAQ,149.44,149.94,148.86,149.47,278467.0,5366.0
2020-01-21,JKHY,NASDAQ,148.81,150.82,148.81,149.61,293876.0,7032.0
2020-01-22,JKHY,NASDAQ,150.56,151.3,149.56,149.64,351601.0,5689.0
2020-01-23,JKHY,NASDAQ,150.02,152.57,148.835,152.41,411236.0,7386.0
2020-01-24,JKHY,NASDAQ,152.45,153.44,150.39,151.25,418522.0,6977.0
2020-01-27,JKHY,NASDAQ,149.05,150.09,148.2309,149.04,360802.0,6484.0
2020-01-28,JKHY,NASDAQ,149.74,151.111,148.8,150.05,813866.0,5930.0
2020-01-29,JKHY,NASDAQ,149.56,150.63,149.48,149.6,336949.0,6780.0
2020-01-30,JKHY,NASDAQ,148.56,153.26,148.56,153.07,520502.0,10408.0
2020-01-31,JKHY,NASDAQ,152.99,152.99,149.25,149.54,824464.0,11502.0
2020-02-03,JKHY,NASDAQ,151.17,152.91,150.865,151.98,397035.0,8033.0
2020-02-04,JKHY,NASDAQ,153.1,155.33,152.79,153.77,498409.0,10049.0
2020-02-05,JKHY,NASDAQ,161.43,164.84,160.08,163.98,957336.0,14272.0
2020-02-06,JKHY,NASDAQ,165.26,165.74,162.74,164.2,937175.0,11273.0
2020-02-07,JKHY,NASDAQ,164.19,166.07,163.54,165.29,560027.0,7451.0
2020-02-10,JKHY,NASDAQ,165.29,168.72,164.885,168.38,351812.0,7005.0
2020-02-11,JKHY,NASDAQ,169.47,169.79,167.61,168.12,426716.0,7573.0
2020-02-12,JKHY,NASDAQ,168.53,169.22,166.14,169.12,431009.0,8150.0
2020-02-13,JKHY,NASDAQ,168.44,169.99,168.26,168.95,550801.0,8922.0
2020-02-14,JKHY,NASDAQ,169.16,172.18,168.73,172.08,351426.0,8062.0
2020-02-18,JKHY,NASDAQ,171.62,174.15,171.19,172.86,654761.0,9676.0
2020-02-19,JKHY,NASDAQ,173.76,174.1239,172.02,173.82,511566.0,7560.0
2020-02-20,JKHY,NASDAQ,174.05,174.9331,172.12,174.46,388243.0,9518.0
2020-02-21,JKHY,NASDAQ,173.74,173.74,170.09,171.01,418836.0,7749.0
2020-02-24,JKHY,NASDAQ,165.52,169.32,165.065,167.93,455491.0,9809.0
2020-02-25,JKHY,NASDAQ,168.72,169.0796,163.39,163.75,736988.0,14366.0
2020-02-26,JKHY,NASDAQ,164.49,165.28,160.48,160.55,601990.0,13617.0
2020-02-27,JKHY,NASDAQ,157.73,160.99,154.22,154.55,685685.0,14618.0
2020-02-28,JKHY,NASDAQ,151.77,153.91,147.73,151.74,1178365.0,27244.0
2020-03-02,JKHY,NASDAQ,152.6,158.82,150.42,158.73,826614.0,16499.0
2020-03-03,JKHY,NASDAQ,158.7,161.39,155.74,157.79,1556952.0,20608.0
2020-03-04,JKHY,NASDAQ,160.95,165.59,158.345,165.4,649582.0,13438.0
2020-03-05,JKHY,NASDAQ,160.45,165.55,160.45,164.99,834227.0,18314.0
2020-03-06,JKHY,NASDAQ,160.22,163.84,156.93,161.44,857561.0,14664.0
2020-03-09,JKHY,NASDAQ,152.43,157.08,150.825,151.63,773986.0,17870.0
2020-03-10,JKHY,NASDAQ,156.11,163.49,151.82,163.43,925470.0,19651.0
2020-03-11,JKHY,NASDAQ,161.0,163.02,157.26,161.01,882795.0,18046.0
2020-03-12,JKHY,NASDAQ,152.04,161.33,149.195,155.15,1352453.0,22331.0
2020-03-13,JKHY,NASDAQ,160.49,162.14,147.168,160.9,1468553.0,24610.0
2020-03-16,JKHY,NASDAQ,148.0,156.07,144.4,147.96,1085781.0,19511.0
2020-03-17,JKHY,NASDAQ,150.84,162.56,150.6,156.19,1044551.0,21040.0
2020-03-18,JKHY,NASDAQ,145.06,159.6,144.07,158.63,839246.0,15710.0
2020-03-19,JKHY,NASDAQ,162.63,162.63,146.44,148.57,1172064.0,19353.0
2020-03-20,JKHY,NASDAQ,152.97,153.91,130.3,134.33,1370146.0,21014.0
2020-03-23,JKHY,NASDAQ,134.41,135.4129,123.64,129.61,950377.0,18682.0
2020-03-24,JKHY,NASDAQ,133.98,143.37,133.895,142.23,897683.0,15057.0
2020-03-25,JKHY,NASDAQ,141.32,146.04,138.11,141.86,818601.0,12596.0
2020-03-26,JKHY,NASDAQ,142.22,153.2,141.34,151.01,863650.0,14159.0
2020-03-27,JKHY,NASDAQ,146.95,155.22,145.28,149.03,545326.0,10021.0
2020-03-30,JKHY,NASDAQ,150.63,156.78,146.49,156.05,571745.0,9393.0
2020-03-31,JKHY,NASDAQ,154.51,158.06,152.71,155.24,781006.0,10903.0
2020-04-01,JKHY,NASDAQ,149.87,152.55,144.69,147.08,624639.0,11031.0
2020-04-02,JKHY,NASDAQ,144.33,151.84,142.5672,151.16,527399.0,8145.0
2020-04-03,JKHY,NASDAQ,149.92,157.77,149.53,156.21,718936.0,11474.0
2020-04-06,JKHY,NASDAQ,160.73,168.67,159.38,167.34,960587.0,14062.0
2020-04-07,JKHY,NASDAQ,171.57,173.82,166.01,167.18,995073.0,14155.0
2020-04-08,JKHY,NASDAQ,158.83,170.5,158.83,169.38,884524.0,14254.0
2020-04-09,JKHY,NASDAQ,170.68,171.97,169.2,170.16,427027.0,9190.0
2020-04-13,JKHY,NASDAQ,168.39,169.78,162.22,163.12,439050.0,9612.0
2020-04-14,JKHY,NASDAQ,165.92,168.35,164.05,168.0,503365.0,10193.0
2020-04-15,JKHY,NASDAQ,164.26,165.72,161.285,163.22,423417.0,9092.0
2020-04-16,JKHY,NASDAQ,166.02,167.41,162.81,165.41,480914.0,9635.0
2020-04-17,JKHY,NASDAQ,168.66,170.6829,167.84,169.66,488567.0,9312.0
2020-04-20,JKHY,NASDAQ,166.96,168.1338,165.96,166.67,476900.0,8593.0
2020-04-21,JKHY,NASDAQ,164.65,164.81,155.0,156.38,442745.0,9573.0
2020-04-22,JKHY,NASDAQ,157.33,161.06,156.01,159.64,499621.0,9453.0
2020-04-23,JKHY,NASDAQ,159.6,160.665,155.7,156.2,526360.0,10280.0
2020-04-24,JKHY,NASDAQ,157.26,159.16,155.26,159.11,870225.0,13160.0
2020-04-27,JKHY,NASDAQ,161.26,164.25,160.25,163.47,415110.0,7922.0
2020-04-28,JKHY,NASDAQ,164.8,165.8,159.92,160.35,579959.0,11508.0
2020-04-29,JKHY,NASDAQ,162.33,165.49,160.89,161.28,529082.0,9638.0
2020-04-30,JKHY,NASDAQ,160.92,164.39,159.37,163.55,801909.0,12265.0
2020-05-01,JKHY,NASDAQ,160.51,162.84,157.4,158.5,450930.0,8806.0
2020-05-04,JKHY,NASDAQ,158.58,162.745,157.3,162.03,664225.0,11653.0
2020-05-05,JKHY,NASDAQ,164.36,177.57,164.36,176.2,1049269.0,15385.0
2020-05-06,JKHY,NASDAQ,175.17,179.81,174.53,178.5,660077.0,11369.0
2020-05-07,JKHY,NASDAQ,180.35,185.545,178.54,183.81,721616.0,12817.0
2020-05-08,JKHY,NASDAQ,184.31,185.67,182.4,182.79,479323.0,9308.0
2020-05-11,JKHY,NASDAQ,182.1,187.89,180.42,186.75,467321.0,11422.0
2020-05-12,JKHY,NASDAQ,187.19,188.76,184.79,185.26,547122.0,14794.0
2020-05-13,JKHY,NASDAQ,184.69,187.39,182.26,185.08,468928.0,11289.0
2020-05-14,JKHY,NASDAQ,184.27,185.42,182.29,185.23,574060.0,13361.0
2020-05-15,JKHY,NASDAQ,183.9,190.105,182.51,189.79,795051.0,11148.0
2020-05-18,JKHY,NASDAQ,193.97,195.03,190.35,190.91,635489.0,13831.0
2020-05-19,JKHY,NASDAQ,190.98,193.695,188.74,188.75,378933.0,8831.0
2020-05-20,JKHY,NASDAQ,192.03,193.49,190.01,190.47,385975.0,8514.0
2020-05-21,JKHY,NASDAQ,190.54,190.54,185.19,185.5,442228.0,8750.0
2020-05-22,JKHY,NASDAQ,184.83,187.09,183.64,186.92,313722.0,7794.0
2020-05-26,JKHY,NASDAQ,189.79,189.79,181.76,182.19,617370.0,12243.0
2020-05-27,JKHY,NASDAQ,181.77,185.09,175.2203,176.72,925715.0,17572.0
2020-05-28,JKHY,NASDAQ,177.48,179.94,176.72,177.86,743236.0,14569.0
2020-05-29,JKHY,NASDAQ,179.01,181.385,177.255,180.86,1156674.0,18546.0
2020-06-01,JKHY,NASDAQ,181.94,183.01,179.67,180.72,544726.0,10506.0
2020-06-02,JKHY,NASDAQ,182.32,182.9,180.19,182.6,739462.0,10911.0
2020-06-03,JKHY,NASDAQ,182.38,182.75,178.04,178.4,371036.0,7994.0
2020-06-04,JKHY,NASDAQ,176.23,178.7947,176.23,178.07,536968.0,10395.0
2020-06-05,JKHY,NASDAQ,179.27,180.15,175.19,179.87,673426.0,12735.0
2020-06-08,JKHY,NASDAQ,178.06,178.1,173.5701,176.29,672836.0,11046.0
2020-06-09,JKHY,NASDAQ,176.98,179.5,176.61,178.86,481664.0,9287.0
2020-06-10,JKHY,NASDAQ,180.53,183.03,178.76,182.34,615103.0,11651.0
2020-06-11,JKHY,NASDAQ,182.18,183.0,174.585,174.9,612551.0,12802.0
2020-06-12,JKHY,NASDAQ,176.76,178.18,170.26,172.25,584076.0,10220.0
2020-06-15,JKHY,NASDAQ,168.685,175.3199,168.685,173.94,399276.0,8452.0
2020-06-16,JKHY,NASDAQ,179.79,179.79,173.56,175.89,363358.0,8073.0
2020-06-17,JKHY,NASDAQ,176.14,179.46,176.14,177.8,351680.0,6749.0
2020-06-18,JKHY,NASDAQ,177.22,181.64,176.48,179.81,480817.0,8543.0
2020-06-19,JKHY,NASDAQ,182.51,182.97,178.7581,181.29,1044301.0,11160.0
2020-06-22,JKHY,NASDAQ,180.76,184.76,180.23,183.17,421938.0,9649.0
2020-06-23,JKHY,NASDAQ,183.81,185.86,181.2,182.12,369327.0,7483.0
2020-06-24,JKHY,NASDAQ,181.68,183.95,179.16,179.69,522839.0,10355.0
2020-06-25,JKHY,NASDAQ,179.67,180.39,176.22,180.25,545142.0,10254.0
2020-06-26,JKHY,NASDAQ,180.6,182.41,177.69,178.49,1042710.0,9906.0
2020-06-29,JKHY,NASDAQ,178.9,181.48,175.915,181.48,693720.0,12226.0
2020-06-30,JKHY,NASDAQ,180.88,184.84,180.88,184.03,712272.0,10582.0
2020-07-01,JKHY,NASDAQ,184.81,184.93,180.67,183.83,388598.0,8881.0
2020-07-02,JKHY,NASDAQ,185.36,187.0,183.66,184.51,256922.0,8123.0
2020-07-06,JKHY,NASDAQ,185.79,188.41,182.53,183.06,402175.0,9230.0
2020-07-07,JKHY,NASDAQ,182.07,185.3499,179.62,179.82,453622.0,9189.0
2020-07-08,JKHY,NASDAQ,181.63,182.74,180.81,181.96,248130.0,4965.0
2020-07-09,JKHY,NASDAQ,182.12,182.85,179.4,182.3,573267.0,7382.0
2020-07-10,JKHY,NASDAQ,183.47,183.855,180.295,181.53,378122.0,6838.0
2020-07-13,JKHY,NASDAQ,181.56,182.82,177.89,178.38,723773.0,12876.0
2020-07-14,JKHY,NASDAQ,178.54,181.0,176.0,180.06,360269.0,7569.0
2020-07-15,JKHY,NASDAQ,181.61,182.29,178.79,180.13,568399.0,10264.0
2020-07-16,JKHY,NASDAQ,179.67,180.0,177.67,178.82,464680.0,9035.0
2020-07-17,JKHY,NASDAQ,179.22,182.105,178.94,181.58,367649.0,6234.0
2020-07-20,JKHY,NASDAQ,179.36,183.2,179.36,182.85,579766.0,10129.0
2020-07-21,JKHY,NASDAQ,184.64,184.965,181.94,183.28,275899.0,7707.0
2020-07-22,JKHY,NASDAQ,183.0,184.58,181.47,184.06,306315.0,5840.0
2020-07-23,JKHY,NASDAQ,184.49,186.85,181.15,181.77,298261.0,7221.0
2020-07-24,JKHY,NASDAQ,181.24,181.56,178.89,179.59,213392.0,5773.0
2020-07-27,JKHY,NASDAQ,179.4,181.23,179.26,180.7,268087.0,7000.0
2020-07-28,JKHY,NASDAQ,179.4,180.26,175.95,176.54,429929.0,8018.0
2020-07-29,JKHY,NASDAQ,177.32,181.21,176.01,180.75,376995.0,7845.0
2020-07-30,JKHY,NASDAQ,178.3,180.65,176.9,178.49,435348.0,9480.0
2020-07-31,JKHY,NASDAQ,179.27,179.27,176.18,178.3,580089.0,10189.0
2020-08-03,JKHY,NASDAQ,179.7,183.06,178.25,182.0,545427.0,10156.0
2020-08-04,JKHY,NASDAQ,182.96,182.96,178.71,179.59,569663.0,8268.0
2020-08-05,JKHY,NASDAQ,180.56,181.46,179.37,179.7,445565.0,8024.0
2020-08-06,JKHY,NASDAQ,179.85,182.64,179.73,182.43,370071.0,7892.0
2020-08-07,JKHY,NASDAQ,181.55,185.395,181.3,184.0,665277.0,11350.0
2020-08-10,JKHY,NASDAQ,183.08,185.455,182.22,183.78,732441.0,9377.0
2020-08-11,JKHY,NASDAQ,183.81,184.91,180.99,182.88,412215.0,9207.0
2020-08-12,JKHY,NASDAQ,184.55,188.07,182.77,187.86,382226.0,8954.0
2020-08-13,JKHY,NASDAQ,187.57,193.065,187.57,191.98,542440.0,11809.0
2020-08-14,JKHY,NASDAQ,192.27,194.99,191.62,194.36,620428.0,11689.0
2020-08-17,JKHY,NASDAQ,195.0,199.68,195.0,199.13,435491.0,10213.0
2020-08-18,JKHY,NASDAQ,198.06,200.98,195.79,197.67,642931.0,13459.0
2020-08-19,JKHY,NASDAQ,184.56,185.74,171.19,172.22,2445600.0,39062.0
2020-08-20,JKHY,NASDAQ,170.7,173.46,167.85,168.2,1227166.0,22816.0
2020-08-21,JKHY,NASDAQ,168.34,168.45,163.9575,165.85,877636.0,16088.0
2020-08-24,JKHY,NASDAQ,167.1,168.2,162.9,164.73,608299.0,12058.0
2020-08-25,JKHY,NASDAQ,164.23,166.78,163.255,166.38,585818.0,13587.0
2020-08-26,JKHY,NASDAQ,166.14,168.37,163.0,167.26,493488.0,10554.0
2020-08-27,JKHY,NASDAQ,168.31,168.31,164.5,165.85,536209.0,10637.0
2020-08-28,JKHY,NASDAQ,166.47,168.31,165.97,167.48,523729.0,11224.0
2020-08-31,JKHY,NASDAQ,168.01,168.495,164.7,165.42,577875.0,10056.0
2020-09-01,JKHY,NASDAQ,165.68,167.27,163.5,164.36,535938.0,11451.0
2020-09-02,JKHY,NASDAQ,165.83,171.81,164.38,171.1,585700.0,12248.0
2020-09-03,JKHY,NASDAQ,170.16,170.26,163.12,165.7,1088123.0,21396.0
2020-09-04,JKHY,NASDAQ,165.4,166.58,160.36,163.17,618896.0,12676.0
2020-09-08,JKHY,NASDAQ,160.28,160.82,156.88,158.51,592900.0,12563.0
2020-09-09,JKHY,NASDAQ,160.94,162.1,159.54,160.71,407946.0,8794.0
2020-09-10,JKHY,NASDAQ,160.85,161.895,155.68,156.04,450207.0,10302.0
2020-09-11,JKHY,NASDAQ,156.75,157.49,154.16,155.78,316101.0,7938.0
2020-09-14,JKHY,NASDAQ,158.35,159.6,156.97,158.47,411159.0,9830.0
2020-09-15,JKHY,NASDAQ,159.99,160.43,158.09,159.79,568104.0,11653.0
2020-09-16,JKHY,NASDAQ,160.4,161.99,155.51,155.67,540985.0,11387.0
2020-09-17,JKHY,NASDAQ,154.04,162.07,153.35,161.76,771419.0,14975.0
2020-09-18,JKHY,NASDAQ,161.69,164.69,161.15,161.83,1847640.0,16847.0
2020-09-21,JKHY,NASDAQ,160.52,160.84,157.165,159.21,482090.0,9880.0
2020-09-22,JKHY,NASDAQ,160.35,163.55,158.99,163.12,355312.0,9743.0
2020-09-23,JKHY,NASDAQ,162.87,163.4,159.04,159.41,515344.0,9437.0
2020-09-24,JKHY,NASDAQ,158.33,159.64,156.69,157.62,526896.0,13404.0
2020-09-25,JKHY,NASDAQ,158.86,161.09,157.02,161.0,577330.0,10327.0
2020-09-28,JKHY,NASDAQ,162.83,165.38,161.82,162.72,447717.0,9903.0
2020-09-29,JKHY,NASDAQ,162.75,164.54,162.13,162.13,367759.0,9460.0
2020-09-30,JKHY,NASDAQ,161.38,164.1,161.38,162.59,378900.0,9006.0
2020-10-01,JKHY,NASDAQ,163.8,165.585,162.5,163.54,466611.0,11000.0
2020-10-02,JKHY,NASDAQ,161.6,163.085,160.7961,161.56,354895.0,8114.0
2020-10-05,JKHY,NASDAQ,163.24,163.51,161.28,162.09,381285.0,8928.0
2020-10-06,JKHY,NASDAQ,163.0,165.2796,161.84,162.06,346554.0,8777.0
2020-10-07,JKHY,NASDAQ,163.0,165.0,162.575,164.44,339737.0,6632.0
2020-10-08,JKHY,NASDAQ,165.4,166.4899,163.13,164.32,302560.0,7444.0
2020-10-09,JKHY,NASDAQ,164.62,165.775,164.0,164.49,520499.0,9036.0
2020-10-12,JKHY,NASDAQ,165.97,165.97,163.57,164.71,510334.0,10178.0
2020-10-13,JKHY,NASDAQ,164.59,166.22,161.64,161.91,472749.0,9352.0
2020-10-14,JKHY,NASDAQ,163.24,163.26,160.27,160.93,362224.0,9589.0
2020-10-15,JKHY,NASDAQ,157.83,162.53,157.68,162.31,334812.0,9655.0
2020-10-16,JKHY,NASDAQ,161.12,163.74,161.12,162.26,289748.0,7147.0
2020-10-19,JKHY,NASDAQ,162.84,163.24,157.69,158.07,312683.0,8171.0
2020-10-20,JKHY,NASDAQ,158.01,161.25,158.01,159.25,268699.0,8021.0
2020-10-21,JKHY,NASDAQ,159.54,160.84,158.95,158.99,283405.0,7584.0
2020-10-22,JKHY,NASDAQ,159.05,159.145,157.08,157.81,371031.0,10379.0
2020-10-23,JKHY,NASDAQ,157.81,159.0,157.09,158.31,278920.0,7784.0
2020-10-26,JKHY,NASDAQ,156.96,156.96,152.47,154.12,334097.0,8698.0
2020-10-27,JKHY,NASDAQ,154.75,155.7,151.18,151.22,338973.0,8403.0
2020-10-28,JKHY,NASDAQ,150.08,151.275,148.035,149.57,584134.0,12450.0
2020-10-29,JKHY,NASDAQ,149.38,150.98,148.15,149.33,496415.0,10173.0
2020-10-30,JKHY,NASDAQ,148.29,150.26,146.69,148.25,453154.0,9654.0
2020-11-02,JKHY,NASDAQ,150.62,152.54,149.3,151.77,500582.0,11132.0
2020-11-03,JKHY,NASDAQ,153.28,157.185,153.28,156.15,410455.0,9921.0
2020-11-04,JKHY,NASDAQ,158.13,163.48,157.66,162.42,674538.0,16673.0
2020-11-05,JKHY,NASDAQ,168.12,168.12,152.31,153.66,1137359.0,19944.0
2020-11-06,JKHY,NASDAQ,156.2,159.63,154.52,157.16,555094.0,12863.0
2020-11-09,JKHY,NASDAQ,161.97,165.93,158.72,158.83,704055.0,17167.0
2020-11-10,JKHY,NASDAQ,158.84,160.73,157.72,160.52,783272.0,14269.0
2020-11-11,JKHY,NASDAQ,161.21,162.8,159.63,161.08,426034.0,9892.0
2020-11-12,JKHY,NASDAQ,161.05,161.99,158.595,159.85,305208.0,8252.0
2020-11-13,JKHY,NASDAQ,161.08,162.49,158.82,161.48,328398.0,7913.0
2020-11-16,JKHY,NASDAQ,163.2,163.75,157.75,159.03,458557.0,10407.0
2020-11-17,JKHY,NASDAQ,159.16,159.99,157.46,158.85,521370.0,12487.0
2020-11-18,JKHY,NASDAQ,159.48,160.47,156.95,158.71,424646.0,10417.0
2020-11-19,JKHY,NASDAQ,158.75,163.0,155.74,161.52,493414.0,13278.0
2020-11-20,JKHY,NASDAQ,161.75,162.28,160.06,160.17,402436.0,9035.0
2020-11-23,JKHY,NASDAQ,160.1,161.58,159.47,159.99,327344.0,7651.0
2020-11-24,JKHY,NASDAQ,160.55,161.05,157.04,157.13,734252.0,12362.0
2020-11-25,JKHY,NASDAQ,158.28,159.32,156.52,157.87,572417.0,13099.0
2020-11-27,JKHY,NASDAQ,158.62,158.99,156.365,157.8,270910.0,5673.0
2020-11-30,JKHY,NASDAQ,158.36,162.06,156.89,160.86,1348849.0,14738.0
2020-12-01,JKHY,NASDAQ,161.29,162.88,160.14,161.34,766039.0,15061.0
2020-12-02,JKHY,NASDAQ,161.48,162.84,159.2212,159.98,361002.0,8486.0
2020-12-03,JKHY,NASDAQ,159.22,160.135,156.565,158.01,500241.0,8925.0
2020-12-04,JKHY,NASDAQ,158.88,160.425,157.88,158.48,481359.0,10100.0
2020-12-07,JKHY,NASDAQ,157.25,159.97,157.25,158.49,525435.0,10075.0
2020-12-08,JKHY,NASDAQ,158.82,160.43,158.2,160.0,748976.0,12472.0
2020-12-09,JKHY,NASDAQ,159.62,159.82,156.93,157.0,686968.0,12966.0
2020-12-10,JKHY,NASDAQ,157.39,157.78,153.71,153.84,612266.0,13074.0
2020-12-11,JKHY,NASDAQ,153.25,156.09,152.78,155.82,672544.0,13884.0
2020-12-14,JKHY,NASDAQ,156.49,159.05,156.42,157.38,584450.0,12915.0
2020-12-15,JKHY,NASDAQ,158.08,158.91,155.71,158.6,383548.0,10010.0
2020-12-16,JKHY,NASDAQ,158.97,160.64,158.62,159.17,491438.0,9608.0
2020-12-17,JKHY,NASDAQ,160.33,163.06,158.78,162.76,603067.0,12512.0
2020-12-18,JKHY,NASDAQ,163.76,165.34,160.73,161.63,1168765.0,12250.0
2020-12-21,JKHY,NASDAQ,159.06,159.52,154.54,158.21,547748.0,12303.0
2020-12-22,JKHY,NASDAQ,157.89,157.89,154.24,154.72,558825.0,9948.0
2020-12-23,JKHY,NASDAQ,156.85,157.99,154.98,155.93,473840.0,9155.0
2020-12-24,JKHY,NASDAQ,155.9,158.45,155.65,157.69,202753.0,4470.0
2020-12-28,JKHY,NASDAQ,158.63,160.62,157.85,159.71,340452.0,7108.0
2020-12-29,JKHY,NASDAQ,160.04,161.1,159.055,159.28,315158.0,7902.0
2020-12-30,JKHY,NASDAQ,158.75,159.68,158.11,158.75,305202.0,7037.0
2020-12-31,JKHY,NASDAQ,158.93,162.16,158.02,161.99,428696.0,7159.0
2021-01-04,JKHY,NASDAQ,161.73,163.24,155.82,158.66,747739.0,13868.0
2021-01-05,JKHY,NASDAQ,158.66,159.71,155.45,159.11,427822.0,11147.0
2021-01-06,JKHY,NASDAQ,157.41,162.13,156.83,161.49,594902.0,12653.0
2021-01-07,JKHY,NASDAQ,162.81,165.98,162.45,164.94,567236.0,13098.0
2021-01-08,JKHY,NASDAQ,165.5,167.49,164.66,166.95,483865.0,11447.0
2021-01-11,JKHY,NASDAQ,167.99,169.23,164.48,164.98,582673.0,10663.0
2021-01-12,JKHY,NASDAQ,164.29,164.29,160.005,160.39,607926.0,13897.0
2021-01-13,JKHY,NASDAQ,160.8,161.475,157.68,157.89,400668.0,9531.0
2021-01-14,JKHY,NASDAQ,158.36,159.56,153.71,153.96,442929.0,11294.0
2021-01-15,JKHY,NASDAQ,153.92,155.81,152.88,154.55,415332.0,8686.0
2021-01-19,JKHY,NASDAQ,156.12,156.41,154.45,155.81,455816.0,9956.0
2021-01-20,JKHY,NASDAQ,156.31,158.36,154.71,154.76,518055.0,11223.0
2021-01-21,JKHY,NASDAQ,155.45,156.9699,153.0,153.1,518196.0,10614.0
2021-01-22,JKHY,NASDAQ,153.47,153.7,150.73,151.5,934082.0,16157.0
2021-01-25,JKHY,NASDAQ,152.6,153.07,148.73,152.5,713541.0,13526.0
2021-01-26,JKHY,NASDAQ,152.21,155.76,151.825,154.87,430552.0,10136.0
2021-01-27,JKHY,NASDAQ,154.43,157.295,148.84,149.65,535738.0,12055.0
2021-01-28,JKHY,NASDAQ,150.82,152.62,148.82,148.82,483808.0,11399.0
2021-01-29,JKHY,NASDAQ,148.19,148.69,144.0,144.79,541386.0,11189.0
2021-02-01,JKHY,NASDAQ,147.42,149.34,146.81,148.48,433887.0,11614.0
2021-02-02,JKHY,NASDAQ,148.73,152.61,148.03,151.28,485006.0,10221.0
2021-02-03,JKHY,NASDAQ,151.91,152.1,149.17,149.44,374339.0,8886.0
2021-02-04,JKHY,NASDAQ,150.96,153.475,149.88,153.39,493198.0,9598.0
2021-02-05,JKHY,NASDAQ,153.63,154.55,152.07,152.91,556105.0,10183.0
2021-02-08,JKHY,NASDAQ,153.49,158.78,153.01,158.21,1147605.0,19685.0
2021-02-09,JKHY,NASDAQ,148.9,150.7253,141.6492,149.51,2052559.0,32540.0
2021-02-10,JKHY,NASDAQ,149.47,152.86,148.1101,148.77,1091786.0,17607.0
2021-02-11,JKHY,NASDAQ,150.06,153.005,147.79,148.64,882031.0,16264.0
2021-02-12,JKHY,NASDAQ,150.35,150.42,145.02,145.64,663940.0,12761.0
2021-02-16,JKHY,NASDAQ,146.39,147.95,143.61,146.24,1158046.0,17045.0
2021-02-17,JKHY,NASDAQ,145.16,149.735,145.16,148.88,694091.0,13952.0
2021-02-18,JKHY,NASDAQ,147.28,152.73,147.28,152.71,720523.0,15219.0
2021-02-19,JKHY,NASDAQ,152.81,153.78,150.27,150.89,1057056.0,16405.0
2021-02-22,JKHY,NASDAQ,149.87,153.73,149.33,152.86,727030.0,13757.0
2021-02-23,JKHY,NASDAQ,152.56,153.775,149.11,149.31,881820.0,15068.0
2021-02-24,JKHY,NASDAQ,149.32,152.82,147.165,151.64,1036327.0,16298.0
2021-02-25,JKHY,NASDAQ,151.05,153.85,150.45,151.32,677350.0,12860.0
2021-02-26,JKHY,NASDAQ,151.38,152.92,147.95,148.44,1113203.0,16807.0
2021-03-01,JKHY,NASDAQ,148.93,152.56,148.93,152.11,508201.0,11453.0
2021-03-02,JKHY,NASDAQ,152.9,154.32,150.34,151.67,595171.0,11260.0
2021-03-03,JKHY,NASDAQ,151.29,154.27,149.95,152.29,605118.0,11345.0
2021-03-04,JKHY,NASDAQ,152.11,152.2,146.23,147.3,1030951.0,17580.0
2021-03-05,JKHY,NASDAQ,148.0,152.8186,146.37,151.78,853541.0,14558.0
2021-03-08,JKHY,NASDAQ,152.19,155.0,150.22,151.0,572466.0,11549.0
2021-03-09,JKHY,NASDAQ,152.5,153.99,148.75,148.89,523911.0,12973.0
2021-03-10,JKHY,NASDAQ,148.56,151.03,147.76,149.47,353657.0,9397.0
2021-03-11,JKHY,NASDAQ,150.18,151.49,148.3,148.66,385978.0,8633.0
2021-03-12,JKHY,NASDAQ,148.75,150.82,148.28,150.69,408222.0,8612.0
2021-03-15,JKHY,NASDAQ,151.0,151.75,149.76,151.57,324306.0,7138.0
2021-03-16,JKHY,NASDAQ,152.1,152.11,149.8,151.07,341173.0,8149.0
2021-03-17,JKHY,NASDAQ,151.0,151.22,148.99,150.74,321136.0,9411.0
2021-03-18,JKHY,NASDAQ,149.75,150.18,147.575,148.4,478910.0,10237.0
2021-03-19,JKHY,NASDAQ,147.58,149.99,146.61,148.13,1073504.0,12919.0
2021-03-22,JKHY,NASDAQ,148.86,150.5,146.1014,149.23,402596.0,8690.0
2021-03-23,JKHY,NASDAQ,149.13,152.84,149.13,151.83,416329.0,8008.0
2021-03-24,JKHY,NASDAQ,151.5268,155.67,151.5268,153.92,593137.0,12589.0
2021-03-25,JKHY,NASDAQ,154.55,154.805,151.56,152.78,561436.0,12666.0
2021-03-26,JKHY,NASDAQ,152.02,155.34,150.82,155.19,677749.0,11306.0
2021-03-29,JKHY,NASDAQ,153.99,158.98,153.99,156.41,540871.0,11841.0
2021-03-30,JKHY,NASDAQ,155.72,156.24,153.08,153.4,574181.0,9700.0
2021-03-31,JKHY,NASDAQ,152.95,154.5425,151.51,151.72,509869.0,10255.0
2021-04-01,JKHY,NASDAQ,152.21,154.99,151.63,154.59,383329.0,8776.0
2021-04-05,JKHY,NASDAQ,154.18,157.29,154.05,157.25,411446.0,10078.0
2021-04-06,JKHY,NASDAQ,156.18,157.37,154.75,155.32,346326.0,8212.0
2021-04-07,JKHY,NASDAQ,155.84,156.53,153.95,154.22,305230.0,6467.0
2021-04-08,JKHY,NASDAQ,154.03,156.5,154.03,155.55,248481.0,6897.0
2021-04-09,JKHY,NASDAQ,156.26,156.5,154.81,155.72,284796.0,5598.0
2021-04-12,JKHY,NASDAQ,155.52,156.11,154.41,155.76,363311.0,6916.0
2021-04-13,JKHY,NASDAQ,155.31,157.24,155.31,155.83,385956.0,7684.0
2021-04-14,JKHY,NASDAQ,155.06,155.33,152.48,153.81,507745.0,9672.0
2021-04-15,JKHY,NASDAQ,154.21,157.35,154.08,156.4,489658.0,8434.0
2021-04-16,JKHY,NASDAQ,157.38,160.11,156.535,158.84,766166.0,11706.0
2021-04-19,JKHY,NASDAQ,159.08,161.47,158.68,161.15,678948.0,11581.0
2021-04-20,JKHY,NASDAQ,162.04,165.24,161.6,163.85,719196.0,13394.0
2021-04-21,JKHY,NASDAQ,164.25,166.55,163.95,166.09,681040.0,14113.0
2021-04-22,JKHY,NASDAQ,166.06,168.52,164.83,167.21,714836.0,13381.0
2021-04-23,JKHY,NASDAQ,167.88,170.36,167.515,169.59,521662.0,11641.0
2021-04-26,JKHY,NASDAQ,169.01,169.69,167.78,168.19,442014.0,8548.0
2021-04-27,JKHY,NASDAQ,168.8,169.58,163.17,163.51,531423.0,9023.0
2021-04-28,JKHY,NASDAQ,165.06,165.12,163.43,163.57,334963.0,9145.0
2021-04-29,JKHY,NASDAQ,165.0,165.98,163.61,164.14,500734.0,10695.0
2021-04-30,JKHY,NASDAQ,163.91,164.6,161.47,162.83,527659.0,12000.0
2021-05-03,JKHY,NASDAQ,162.95,164.88,162.57,163.93,531811.0,12705.0
2021-05-04,JKHY,NASDAQ,162.02,163.16,156.26,158.57,1335481.0,19072.0
2021-05-05,JKHY,NASDAQ,160.95,160.95,156.546,157.82,740850.0,14762.0
2021-05-06,JKHY,NASDAQ,158.51,158.7936,155.88,158.47,593685.0,12748.0
2021-05-07,JKHY,NASDAQ,158.32,159.67,155.38,156.13,470356.0,10116.0
2021-05-10,JKHY,NASDAQ,157.34,159.54,155.86,158.86,697010.0,16079.0
2021-05-11,JKHY,NASDAQ,157.67,159.135,155.91,156.31,446782.0,10660.0
2021-05-12,JKHY,NASDAQ,155.67,157.56,153.895,155.11,514415.0,11508.0
2021-05-13,JKHY,NASDAQ,155.54,158.64,154.31,157.98,566557.0,11793.0
2021-05-14,JKHY,NASDAQ,158.12,159.37,156.83,157.32,323983.0,8282.0
2021-05-17,JKHY,NASDAQ,157.41,159.47,155.31,156.49,279489.0,7722.0
2021-05-18,JKHY,NASDAQ,156.53,156.82,155.04,155.61,348223.0,10912.0
2021-05-19,JKHY,NASDAQ,155.0,155.6,151.87,153.58,351797.0,10984.0
2021-05-20,JKHY,NASDAQ,154.29,156.32,153.6,155.38,269290.0,7835.0
2021-05-21,JKHY,NASDAQ,155.28,157.25,155.03,155.51,1259956.0,10531.0
2021-05-24,JKHY,NASDAQ,156.64,157.24,155.52,156.81,354470.0,8913.0
2021-05-25,JKHY,NASDAQ,157.22,157.22,155.82,156.41,259784.0,7213.0
2021-05-26,JKHY,NASDAQ,156.34,156.89,155.59,156.5,392197.0,8718.0
2021-05-27,JKHY,NASDAQ,155.97,156.7,154.81,155.57,669910.0,10056.0
2021-05-28,JKHY,NASDAQ,156.39,156.75,154.02,154.15,394912.0,9030.0
2021-06-01,JKHY,NASDAQ,154.42,154.54,152.79,153.85,362651.0,7874.0
2021-06-02,JKHY,NASDAQ,154.05,155.9,153.88,155.52,332407.0,8149.0
2021-06-03,JKHY,NASDAQ,154.01,156.7,153.995,155.8,477502.0,8721.0
2021-06-04,JKHY,NASDAQ,156.07,157.935,156.0,157.8,415869.0,11315.0
2021-06-07,JKHY,NASDAQ,157.63,157.63,154.99,156.2,499212.0,11867.0
2021-06-08,JKHY,NASDAQ,156.42,158.35,155.8,158.23,501157.0,11221.0
2021-06-09,JKHY,NASDAQ,158.95,160.83,158.25,159.72,453442.0,10755.0
2021-06-10,JKHY,NASDAQ,160.69,163.31,159.75,163.13,487642.0,12914.0
2021-06-11,JKHY,NASDAQ,163.75,163.75,161.64,162.57,445818.0,10744.0
2021-06-14,JKHY,NASDAQ,162.59,163.38,160.87,163.33,403288.0,10282.0
2021-06-15,JKHY,NASDAQ,163.73,164.97,163.015,163.91,428402.0,12978.0
2021-06-16,JKHY,NASDAQ,164.72,165.62,163.13,164.61,608916.0,14160.0
2021-06-17,JKHY,NASDAQ,164.59,165.49,163.11,163.19,615761.0,15776.0
2021-06-18,JKHY,NASDAQ,162.24,166.13,162.17,164.55,974603.0,15780.0
2021-06-21,JKHY,NASDAQ,165.43,167.75,163.98,166.85,550275.0,10814.0
2021-06-22,JKHY,NASDAQ,167.17,167.37,165.35,165.71,553840.0,13134.0
2021-06-23,JKHY,NASDAQ,166.09,166.09,163.425,164.32,429900.0,10840.0
2021-06-24,JKHY,NASDAQ,165.08,165.81,163.62,164.45,453049.0,10407.0
2021-06-25,JKHY,NASDAQ,164.05,168.61,163.78,166.59,1597952.0,12203.0
2021-06-28,JKHY,NASDAQ,167.65,167.65,164.03,165.24,302860.0,8384.0
2021-06-29,JKHY,NASDAQ,165.79,166.86,165.27,165.52,269879.0,7195.0
2021-06-30,JKHY,NASDAQ,165.67,165.83,163.0,163.51,431966.0,10018.0
2021-07-01,JKHY,NASDAQ,163.47,165.11,163.16,164.51,313111.0,9211.0
2021-07-02,JKHY,NASDAQ,165.58,166.14,165.05,165.82,217738.0,6125.0
2021-07-06,JKHY,NASDAQ,165.91,165.97,163.88,164.71,275167.0,6374.0
2021-07-07,JKHY,NASDAQ,165.06,166.93,165.06,166.81,403259.0,8862.0
2021-07-08,JKHY,NASDAQ,165.89,167.3,165.11,166.58,360498.0,8150.0
2021-07-09,JKHY,NASDAQ,167.11,168.2145,166.2036,167.38,271804.0,7754.0
2021-07-12,JKHY,NASDAQ,167.44,167.5,166.205,167.06,210931.0,5978.0
2021-07-13,JKHY,NASDAQ,166.7,167.8122,165.69,166.73,213525.0,7345.0
2021-07-14,JKHY,NASDAQ,166.95,168.35,166.24,168.31,229961.0,5990.0
2021-07-15,JKHY,NASDAQ,168.42,170.9187,167.95,170.64,525454.0,10653.0
2021-07-16,JKHY,NASDAQ,170.59,173.14,169.88,171.67,495761.0,12114.0
2021-07-19,JKHY,NASDAQ,170.78,171.26,169.35,170.35,503387.0,12885.0
2021-07-20,JKHY,NASDAQ,171.1,173.88,171.04,173.63,546971.0,12392.0
2021-07-21,JKHY,NASDAQ,174.13,174.85,172.86,173.13,475319.0,10571.0
2021-07-22,JKHY,NASDAQ,173.45,175.86,173.4,174.88,294280.0,7117.0
2021-07-23,JKHY,NASDAQ,175.77,176.74,174.89,176.27,201217.0,6028.0
2021-07-26,JKHY,NASDAQ,176.14,176.99,174.48,175.81,244330.0,7314.0
2021-07-27,JKHY,NASDAQ,176.55,177.095,174.62,176.12,323065.0,8935.0
2021-07-28,JKHY,NASDAQ,175.82,176.28,171.81,171.93,443850.0,10619.0
2021-07-29,JKHY,NASDAQ,172.46,173.83,172.28,173.29,264321.0,8656.0
2021-07-30,JKHY,NASDAQ,173.33,174.8247,172.83,174.09,211075.0,5323.0
2021-08-02,JKHY,NASDAQ,174.84,175.57,173.43,174.57,347958.0,9126.0
2021-08-03,JKHY,NASDAQ,175.16,176.38,173.59,175.83,426169.0,8891.0
2021-08-04,JKHY,NASDAQ,175.74,175.96,173.25,173.59,271637.0,7053.0
2021-08-05,JKHY,NASDAQ,173.78,174.25,172.43,173.44,300613.0,7138.0
2021-08-06,JKHY,NASDAQ,173.52,174.96,173.13,173.95,312721.0,5854.0
2021-08-09,JKHY,NASDAQ,174.59,175.19,172.79,172.89,249520.0,5854.0
2021-08-10,JKHY,NASDAQ,172.64,173.605,170.71,172.24,244239.0,7017.0
2021-08-11,JKHY,NASDAQ,173.13,174.25,172.9,173.71,252043.0,6190.0
2021-08-12,JKHY,NASDAQ,174.09,175.16,170.0851,174.31,359621.0,7583.0
2021-08-13,JKHY,NASDAQ,174.59,177.13,173.685,177.12,238547.0,5348.0
2021-08-16,JKHY,NASDAQ,176.96,178.59,175.23,177.74,462763.0,8748.0
2021-08-17,JKHY,NASDAQ,176.42,179.21,176.42,178.58,522950.0,12551.0
2021-08-18,JKHY,NASDAQ,178.2376,179.98,168.61,172.38,999669.0,19416.0
2021-08-19,JKHY,NASDAQ,173.33,176.315,171.23,176.29,390905.0,9970.0
2021-08-20,JKHY,NASDAQ,176.06,177.78,175.32,177.13,352091.0,8380.0
2021-08-23,JKHY,NASDAQ,177.78,177.96,176.27,176.52,230234.0,6121.0
2021-08-24,JKHY,NASDAQ,176.67,177.07,173.0422,173.21,315335.0,9030.0
2021-08-25,JKHY,NASDAQ,173.4,174.53,172.89,173.45,240622.0,5451.0
2021-08-26,JKHY,NASDAQ,173.34,174.6,171.49,173.95,240089.0,6630.0
2021-08-27,JKHY,NASDAQ,174.32,176.69,174.09,175.93,423472.0,8049.0
2021-08-30,JKHY,NASDAQ,176.23,177.24,175.58,176.32,200190.0,5825.0
2021-08-31,JKHY,NASDAQ,176.93,179.36,175.74,176.38,518470.0,9822.0
2021-09-01,JKHY,NASDAQ,177.25,177.985,175.185,177.3,256795.0,7552.0
2021-09-02,JKHY,NASDAQ,177.94,178.4,175.92,176.23,287390.0,8044.0
2021-09-03,JKHY,NASDAQ,175.87,176.659,174.95,175.74,316152.0,7660.0
2021-09-07,JKHY,NASDAQ,176.19,177.41,172.795,173.0,433903.0,10991.0
2021-09-08,JKHY,NASDAQ,172.27,175.38,171.83,173.28,600827.0,11653.0
2021-09-09,JKHY,NASDAQ,174.18,174.64,171.21,171.25,472276.0,12205.0
2021-09-10,JKHY,NASDAQ,171.74,173.495,168.555,169.04,516547.0,12015.0
2021-09-13,JKHY,NASDAQ,170.58,171.525,167.77,168.44,368452.0,10401.0
2021-09-14,JKHY,NASDAQ,168.33,169.12,166.47,167.11,366191.0,8276.0
2021-09-15,JKHY,NASDAQ,167.16,170.675,167.16,169.91,357640.0,9426.0
2021-09-16,JKHY,NASDAQ,170.29,171.64,169.45,170.81,316029.0,7850.0
2021-09-17,JKHY,NASDAQ,170.03,170.14,167.72,168.76,826990.0,9138.0
2021-09-20,JKHY,NASDAQ,166.7,169.54,166.67,169.41,452237.0,9757.0
2021-09-21,JKHY,NASDAQ,170.51,170.61,167.4825,167.83,314764.0,7060.0
2021-09-22,JKHY,NASDAQ,167.82,169.87,166.89,168.76,292740.0,7911.0
2021-09-23,JKHY,NASDAQ,168.65,171.64,168.65,170.37,283288.0,6712.0
2021-09-24,JKHY,NASDAQ,170.37,171.57,170.37,171.38,219597.0,6043.0
2021-09-27,JKHY,NASDAQ,171.07,171.82,169.48,170.61,326477.0,7051.0
2021-09-28,JKHY,NASDAQ,170.1,170.1,164.72,165.41,488281.0,11372.0
2021-09-29,JKHY,NASDAQ,165.61,167.64,165.61,166.16,321790.0,7951.0
2021-09-30,JKHY,NASDAQ,166.5,167.73,162.71,164.06,464111.0,9620.0
2021-10-01,JKHY,NASDAQ,164.79,166.67,163.1519,165.01,354543.0,8911.0
2021-10-04,JKHY,NASDAQ,164.04,165.68,162.22,163.16,394310.0,11014.0
2021-10-05,JKHY,NASDAQ,163.01,165.39,161.87,162.81,405827.0,8961.0
2021-10-06,JKHY,NASDAQ,162.0,163.41,160.95,163.19,441235.0,10240.0
2021-10-07,JKHY,NASDAQ,164.27,166.14,163.8,164.69,439023.0,9157.0
2021-10-08,JKHY,NASDAQ,165.5,167.27,165.0573,166.06,259237.0,7613.0
2021-10-11,JKHY,NASDAQ,165.92,166.9199,164.49,164.82,229081.0,5655.0
2021-10-12,JKHY,NASDAQ,165.2,165.91,163.325,163.79,338903.0,7595.0
2021-10-13,JKHY,NASDAQ,164.26,165.34,162.93,164.84,235298.0,6958.0
2021-10-14,JKHY,NASDAQ,165.71,168.06,164.66,167.98,256773.0,7136.0
2021-10-15,JKHY,NASDAQ,169.2,171.21,168.735,170.06,370720.0,8722.0
2021-10-18,JKHY,NASDAQ,169.44,171.45,168.915,171.05,253924.0,7968.0
2021-10-19,JKHY,NASDAQ,171.21,171.96,170.31,170.95,330726.0,8160.0
2021-10-20,JKHY,NASDAQ,171.84,172.12,168.85,171.08,330245.0,9199.0
2021-10-21,JKHY,NASDAQ,171.44,172.79,169.24,172.24,294729.0,8718.0
2021-10-22,JKHY,NASDAQ,172.72,174.88,172.72,174.24,218321.0,6959.0
2021-10-25,JKHY,NASDAQ,174.13,175.0,173.28,174.05,218465.0,7507.0
2021-10-26,JKHY,NASDAQ,174.44,174.89,172.78,174.05,209420.0,7909.0
2021-10-27,JKHY,NASDAQ,174.12,174.12,163.82,164.7,603124.0,14325.0
2021-10-28,JKHY,NASDAQ,164.58,166.435,162.92,163.85,417806.0,11619.0
2021-10-29,JKHY,NASDAQ,163.2,167.73,163.2,166.48,461621.0,9831.0
2021-11-01,JKHY,NASDAQ,166.6,167.415,164.68,166.03,270456.0,8630.0
2021-11-02,JKHY,NASDAQ,166.67,166.67,159.05,159.3,621450.0,14526.0
2021-11-03,JKHY,NASDAQ,158.48,160.97,153.18,159.13,1068497.0,20642.0
2021-11-04,JKHY,NASDAQ,159.13,162.31,158.01,158.65,454526.0,11068.0
2021-11-05,JKHY,NASDAQ,159.58,160.74,157.58,158.35,566188.0,15068.0
2021-11-08,JKHY,NASDAQ,158.42,163.51,158.03,161.1,971182.0,19469.0
2021-11-09,JKHY,NASDAQ,153.91,159.7583,153.74,159.04,920752.0,16853.0
2021-11-10,JKHY,NASDAQ,159.42,162.5,158.23,161.76,615815.0,12809.0
2021-11-11,JKHY,NASDAQ,162.43,162.72,158.85,159.21,408209.0,10484.0
2021-11-12,JKHY,NASDAQ,159.21,159.59,157.04,157.74,1114778.0,12950.0
2021-11-15,JKHY,NASDAQ,158.16,158.9222,156.84,157.0,430798.0,9862.0
2021-11-16,JKHY,NASDAQ,157.69,159.39,157.61,157.64,424254.0,9930.0
2021-11-17,JKHY,NASDAQ,157.18,158.35,152.87,153.8,1131706.0,14770.0
2021-11-18,JKHY,NASDAQ,153.49,153.61,150.81,151.8,847811.0,13928.0
2021-11-19,JKHY,NASDAQ,152.41,154.335,151.725,153.21,849904.0,16745.0
2021-11-22,JKHY,NASDAQ,152.94,154.29,151.61,153.18,584201.0,11838.0
2021-11-23,JKHY,NASDAQ,153.05,154.15,152.11,153.04,497981.0,10478.0
2021-11-24,JKHY,NASDAQ,152.52,154.03,152.2,152.81,496656.0,10927.0
2021-11-26,JKHY,NASDAQ,152.55,153.29,149.52,151.14,372796.0,8009.0
2021-11-29,JKHY,NASDAQ,152.51,153.18,150.77,152.31,748886.0,13237.0
2021-11-30,JKHY,NASDAQ,152.36,153.35,150.285,151.63,1354404.0,16052.0
2021-12-01,JKHY,NASDAQ,152.97,154.362,147.86,147.96,946083.0,18150.0
2021-12-02,JKHY,NASDAQ,147.5,153.5,147.5,152.15,673906.0,14661.0
2021-12-03,JKHY,NASDAQ,152.08,155.37,151.105,154.02,819882.0,15886.0
2021-12-06,JKHY,NASDAQ,154.47,159.19,153.17,158.89,627035.0,12388.0
2021-12-07,JKHY,NASDAQ,159.59,160.06,156.31,157.37,1012454.0,14494.0
2021-12-08,JKHY,NASDAQ,157.88,157.88,156.08,156.32,434260.0,10513.0
2021-12-09,JKHY,NASDAQ,155.94,157.34,155.3348,156.56,429224.0,8688.0
2021-12-10,JKHY,NASDAQ,156.93,158.82,155.97,158.25,402269.0,10161.0
2021-12-13,JKHY,NASDAQ,157.96,163.85,157.96,162.52,863468.0,14862.0
2021-12-14,JKHY,NASDAQ,161.41,163.59,161.36,162.35,473817.0,11598.0
2021-12-15,JKHY,NASDAQ,159.36,160.8,158.45,159.92,616078.0,17027.0
2021-12-16,JKHY,NASDAQ,160.73,165.4,159.63,165.1,791203.0,14928.0
2021-12-17,JKHY,NASDAQ,164.83,165.125,162.69,164.24,1024286.0,12651.0
2021-12-20,JKHY,NASDAQ,163.09,163.6,161.22,162.99,406395.0,9477.0
2021-12-21,JKHY,NASDAQ,162.82,165.28,162.025,165.02,308060.0,8722.0
2021-12-22,JKHY,NASDAQ,165.27,166.77,163.76,165.83,358911.0,7188.0
2021-12-23,JKHY,NASDAQ,166.74,167.28,165.41,165.43,313831.0,6620.0
2021-12-27,JKHY,NASDAQ,165.96,165.96,163.46,165.55,233754.0,7866.0
2021-12-28,JKHY,NASDAQ,166.06,167.42,164.335,167.38,150649.0,4965.0
2021-12-29,JKHY,NASDAQ,167.23,168.4,166.405,167.84,193059.0,6088.0
2021-12-30,JKHY,NASDAQ,168.53,169.01,167.56,167.72,211840.0,6450.0
2021-12-31,JKHY,NASDAQ,167.31,168.11,166.73,166.99,227996.0,5563.0
2022-01-03,JKHY,NASDAQ,167.07,171.6,166.12,171.5,507711.0,10948.0
2022-01-04,JKHY,NASDAQ,171.11,175.78,169.15,174.66,771489.0,15837.0
2022-01-05,JKHY,NASDAQ,174.79,177.54,172.765,172.92,870788.0,15711.0
2022-01-06,JKHY,NASDAQ,173.04,174.34,168.4,169.6,530819.0,13847.0
2022-01-07,JKHY,NASDAQ,169.18,171.13,167.4,169.75,416729.0,11176.0
2022-01-10,JKHY,NASDAQ,169.24,170.055,166.22,169.56,431321.0,10482.0
2022-01-11,JKHY,NASDAQ,169.6,169.9499,166.09,169.74,412485.0,10784.0
2022-01-12,JKHY,NASDAQ,170.0,172.97,169.82,171.91,449002.0,9914.0
2022-01-13,JKHY,NASDAQ,172.67,172.67,167.69,168.2,512143.0,11447.0
2022-01-14,JKHY,NASDAQ,166.85,169.05,165.13,168.94,517547.0,12063.0
2022-01-18,JKHY,NASDAQ,167.89,167.89,163.3,165.37,532871.0,13853.0
2022-01-19,JKHY,NASDAQ,165.53,170.47,163.72,166.42,633462.0,13179.0
2022-01-20,JKHY,NASDAQ,167.94,169.35,162.52,163.08,710632.0,14771.0
2022-01-21,JKHY,NASDAQ,163.49,166.145,161.28,163.74,711656.0,14147.0
2022-01-24,JKHY,NASDAQ,170.4538,170.4538,159.8,163.22,530773.0,13792.0
2022-01-25,JKHY,NASDAQ,161.57,162.51,157.52,158.85,694309.0,15654.0
2022-01-26,JKHY,NASDAQ,159.7,161.61,155.92,156.82,614929.0,13013.0
2022-01-27,JKHY,NASDAQ,157.65,160.65,155.44,157.22,919744.0,14764.0
2022-01-28,JKHY,NASDAQ,157.96,165.56,156.065,165.55,669810.0,16544.0
2022-01-31,JKHY,NASDAQ,164.36,167.96,163.605,167.81,603571.0,14549.0
2022-02-01,JKHY,NASDAQ,168.32,168.88,167.63,168.7,630742.0,14441.0
2022-02-02,JKHY,NASDAQ,170.98,171.21,167.89,170.55,467116.0,12147.0
2022-02-03,JKHY,NASDAQ,169.06,170.0,166.245,167.0,640003.0,11653.0
2022-02-04,JKHY,NASDAQ,166.33,168.43,165.325,168.0,669543.0,12691.0
2022-02-07,JKHY,NASDAQ,168.63,168.91,165.79,167.32,618867.0,13547.0
2022-02-08,JKHY,NASDAQ,166.02,169.55,165.11,169.2,1233977.0,21709.0
2022-02-09,JKHY,NASDAQ,176.04,178.34,170.15,175.04,1448108.0,22947.0
2022-02-10,JKHY,NASDAQ,172.45,173.07,166.57,166.76,999122.0,19549.0
2022-02-11,JKHY,NASDAQ,167.63,168.36,165.24,167.41,762946.0,14727.0
2022-02-14,JKHY,NASDAQ,167.93,170.66,167.13,170.18,704789.0,16030.0
2022-02-15,JKHY,NASDAQ,171.57,172.95,168.39,168.94,474210.0,13118.0
2022-02-16,JKHY,NASDAQ,169.05,170.37,166.22,169.54,514166.0,12844.0
2022-02-17,JKHY,NASDAQ,169.11,170.7,168.07,170.35,556979.0,13573.0
2022-02-18,JKHY,NASDAQ,170.76,172.92,169.0,172.46,597533.0,13889.0
2022-02-22,JKHY,NASDAQ,172.28,173.37,169.12,169.36,637949.0,12745.0
2022-02-23,JKHY,NASDAQ,169.8,170.92,167.583,167.89,584804.0,11507.0
2022-02-24,JKHY,NASDAQ,165.06,170.42,164.49,170.07,642504.0,15627.0
2022-02-25,JKHY,NASDAQ,171.25,176.16,171.17,176.05,619104.0,15602.0
2022-02-28,JKHY,NASDAQ,173.84,177.1,173.77,176.8,733803.0,16253.0
2022-03-01,JKHY,NASDAQ,178.25,179.6,176.11,179.12,684359.0,13163.0
2022-03-02,JKHY,NASDAQ,179.39,180.8899,177.01,180.15,605732.0,16384.0
2022-03-03,JKHY,NASDAQ,181.68,183.61,180.185,183.44,565371.0,15439.0
2022-03-04,JKHY,NASDAQ,182.43,185.63,181.7301,185.33,535629.0,14004.0
2022-03-07,JKHY,NASDAQ,184.75,187.73,183.16,183.69,764898.0,18270.0
2022-03-08,JKHY,NASDAQ,182.96,183.52,175.26,177.3,826616.0,19071.0
2022-03-09,JKHY,NASDAQ,179.46,179.77,172.34,177.05,737125.0,17976.0
2022-03-10,JKHY,NASDAQ,175.1,182.2,175.1,181.66,677221.0,15803.0
2022-03-11,JKHY,NASDAQ,182.26,185.46,180.81,183.42,794923.0,16687.0
2022-03-14,JKHY,NASDAQ,183.05,184.575,178.58,179.79,466693.0,14753.0
2022-03-15,JKHY,NASDAQ,180.47,180.9,176.57,178.99,758666.0,19089.0
2022-03-16,JKHY,NASDAQ,179.82,184.94,179.085,184.92,853083.0,19306.0
2022-03-17,JKHY,NASDAQ,185.29,186.655,182.37,184.25,585622.0,15124.0
2022-03-18,JKHY,NASDAQ,185.04,186.39,181.46,185.51,1277961.0,17301.0
2022-03-21,JKHY,NASDAQ,185.52,186.36,184.33,186.07,542673.0,12080.0
2022-03-22,JKHY,NASDAQ,186.35,187.97,185.2622,187.81,331699.0,10966.0
2022-03-23,JKHY,NASDAQ,187.81,188.6,186.34,188.14,449412.0,11865.0
2022-03-24,JKHY,NASDAQ,188.51,189.66,186.98,189.33,521821.0,12733.0
2022-03-25,JKHY,NASDAQ,190.0,193.44,189.46,193.34,427503.0,11922.0
2022-03-28,JKHY,NASDAQ,192.72,195.0,191.21,194.5,457044.0,11194.0
2022-03-29,JKHY,NASDAQ,195.5,198.44,195.04,197.83,424227.0,12153.0
2022-03-30,JKHY,NASDAQ,197.59,198.16,195.34,197.26,360958.0,9804.0
2022-03-31,JKHY,NASDAQ,197.07,199.45,196.85,197.05,569299.0,12818.0
2022-04-01,JKHY,NASDAQ,197.1,200.62,195.43,200.42,463929.0,11660.0
2022-04-04,JKHY,NASDAQ,200.5,201.39,197.22,200.64,424335.0,12107.0
2022-04-05,JKHY,NASDAQ,200.46,204.99,199.76,203.75,606641.0,14667.0
2022-04-06,JKHY,NASDAQ,202.7,205.37,202.1,203.72,581011.0,15769.0
2022-04-07,JKHY,NASDAQ,203.84,204.64,200.41,203.69,622800.0,14463.0
2022-04-08,JKHY,NASDAQ,203.88,203.88,199.61,200.53,584334.0,15092.0
2022-04-11,JKHY,NASDAQ,200.87,201.29,197.92,198.55,358196.0,11683.0
2022-04-12,JKHY,NASDAQ,199.89,202.55,199.21,200.73,432629.0,12412.0
2022-04-13,JKHY,NASDAQ,200.69,201.18,198.11,200.5,404101.0,9955.0
2022-04-14,JKHY,NASDAQ,201.16,202.45,198.7254,200.49,440369.0,11328.0
2022-04-18,JKHY,NASDAQ,200.07,202.2,199.035,200.05,222330.0,8820.0
2022-04-19,JKHY,NASDAQ,200.01,202.79,200.01,202.18,275573.0,8770.0
2022-04-20,JKHY,NASDAQ,202.85,203.53,200.87,201.79,274501.0,9768.0
2022-04-21,JKHY,NASDAQ,202.54,204.15,201.39,203.65,536615.0,12415.0
2022-04-22,JKHY,NASDAQ,202.94,203.16,197.25,197.31,326126.0,10954.0
2022-04-25,JKHY,NASDAQ,196.87,197.9,194.38,197.45,373971.0,11567.0
2022-04-26,JKHY,NASDAQ,197.14,197.44,193.52,193.61,336175.0,10199.0
2022-04-27,JKHY,NASDAQ,194.22,195.295,191.48,191.83,500414.0,13284.0
2022-04-28,JKHY,NASDAQ,193.39,195.94,192.11,194.63,403070.0,11478.0
2022-04-29,JKHY,NASDAQ,194.22,195.48,189.02,189.58,442541.0,11823.0
2022-05-02,JKHY,NASDAQ,188.97,191.98,186.98,190.36,558179.0,18411.0
2022-05-03,JKHY,NASDAQ,191.23,194.19,189.47,192.33,555314.0,17017.0
2022-05-04,JKHY,NASDAQ,186.24,190.6,179.86,187.96,994394.0,22444.0
2022-05-05,JKHY,NASDAQ,187.42,189.98,184.55,186.13,658759.0,20004.0
2022-05-06,JKHY,NASDAQ,184.9,186.27,182.76,184.99,483162.0,12407.0
2022-05-09,JKHY,NASDAQ,183.64,184.3,177.05,177.33,618588.0,18382.0
2022-05-10,JKHY,NASDAQ,177.57,181.51,176.07,178.87,807807.0,20330.0
2022-05-11,JKHY,NASDAQ,177.88,179.57,175.635,178.18,655974.0,16230.0
2022-05-12,JKHY,NASDAQ,176.24,178.49,173.76,175.87,630801.0,17554.0
2022-05-13,JKHY,NASDAQ,176.76,176.9499,173.74,175.43,511446.0,13603.0
2022-05-16,JKHY,NASDAQ,175.39,177.97,173.81,177.07,395394.0,11189.0
2022-05-17,JKHY,NASDAQ,177.47,180.33,175.835,179.79,448443.0,13386.0
2022-05-18,JKHY,NASDAQ,181.83,181.83,175.725,176.47,425576.0,12448.0
2022-05-19,JKHY,NASDAQ,175.85,179.89,175.53,178.12,454190.0,13152.0
2022-05-20,JKHY,NASDAQ,179.79,180.07,175.92,179.12,400590.0,12943.0
2022-05-23,JKHY,NASDAQ,179.78,182.76,179.32,182.35,392386.0,10421.0
2022-05-24,JKHY,NASDAQ,181.34,184.01,179.88,183.85,482557.0,11027.0
2022-05-25,JKHY,NASDAQ,183.39,185.04,182.57,183.92,518521.0,15223.0
2022-05-26,JKHY,NASDAQ,185.1,188.42,183.62,186.62,523793.0,14646.0
2022-05-27,JKHY,NASDAQ,187.05,188.34,186.7575,188.09,434102.0,11923.0
2022-05-31,JKHY,NASDAQ,186.67,189.95,185.94,188.12,871310.0,16368.0
2022-06-01,JKHY,NASDAQ,188.96,188.96,185.59,186.13,482324.0,15045.0
2022-06-02,JKHY,NASDAQ,186.86,187.56,183.8075,187.55,425548.0,11901.0
2022-06-03,JKHY,NASDAQ,187.22,187.33,185.25,186.08,261368.0,9863.0
2022-06-06,JKHY,NASDAQ,186.86,189.96,185.96,186.38,235739.0,9799.0
2022-06-07,JKHY,NASDAQ,185.81,188.4,185.49,187.99,263479.0,9795.0
2022-06-08,JKHY,NASDAQ,187.79,187.97,186.16,186.3,257030.0,10467.0
2022-06-09,JKHY,NASDAQ,185.75,186.105,182.4,182.52,296115.0,11477.0
2022-06-10,JKHY,NASDAQ,181.03,182.37,179.58,180.45,394801.0,12953.0
2022-06-13,JKHY,NASDAQ,177.16,179.45,176.12,176.92,491032.0,13363.0
2022-06-14,JKHY,NASDAQ,177.56,177.985,175.485,177.11,401723.0,13641.0
2022-06-15,JKHY,NASDAQ,178.47,181.7,177.41,179.27,639582.0,17734.0
2022-06-16,JKHY,NASDAQ,177.48,177.61,171.2,171.58,544349.0,18957.0
2022-06-17,JKHY,NASDAQ,172.67,173.455,170.7,172.13,830614.0,15558.0
2022-06-21,JKHY,NASDAQ,173.36,175.12,172.49,174.51,365550.0,10413.0
2022-06-22,JKHY,NASDAQ,173.33,174.04,171.74,172.9,496576.0,14054.0
2022-06-23,JKHY,NASDAQ,174.35,177.76,173.1,177.74,367815.0,13591.0
2022-06-24,JKHY,NASDAQ,179.42,183.275,178.49,182.9,1419530.0,13535.0
2022-06-27,JKHY,NASDAQ,183.34,183.73,181.91,183.03,287356.0,10545.0
2022-06-28,JKHY,NASDAQ,182.56,184.895,179.985,180.4,344536.0,9644.0
2022-06-29,JKHY,NASDAQ,180.27,182.62,179.7,182.12,323442.0,10012.0
2022-06-30,JKHY,NASDAQ,180.6,183.21,179.25,180.02,930700.0,18034.0
2022-07-01,JKHY,NASDAQ,179.71,184.985,179.12,184.27,460147.0,12739.0
2022-07-05,JKHY,NASDAQ,181.97,183.8,180.565,183.78,326422.0,12463.0
2022-07-06,JKHY,NASDAQ,185.4,188.03,183.98,186.25,417715.0,13945.0
2022-07-07,JKHY,NASDAQ,186.09,186.98,184.62,186.01,305275.0,10229.0
2022-07-08,JKHY,NASDAQ,185.79,186.9,185.0475,185.57,342124.0,9377.0
2022-07-11,JKHY,NASDAQ,184.96,187.4396,183.2992,186.66,436680.0,12988.0
2022-07-12,JKHY,NASDAQ,187.12,189.41,183.555,184.41,310860.0,10933.0
2022-07-13,JKHY,NASDAQ,181.77,185.83,181.77,185.14,339058.0,10323.0
2022-07-14,JKHY,NASDAQ,183.82,186.36,182.25,186.0,290448.0,10689.0
2022-07-15,JKHY,NASDAQ,186.8,190.095,186.705,189.98,287425.0,10421.0
2022-07-18,JKHY,NASDAQ,192.48,192.48,188.45,190.93,479361.0,14373.0
2022-07-19,JKHY,NASDAQ,192.5,195.1,191.95,194.45,412047.0,12606.0
2022-07-20,JKHY,NASDAQ,195.0,196.03,193.23,194.83,353715.0,11239.0
2022-07-21,JKHY,NASDAQ,195.25,198.69,194.99,198.69,418768.0,13215.0
2022-07-22,JKHY,NASDAQ,199.5,200.68,198.755,199.69,240598.0,9570.0
2022-07-25,JKHY,NASDAQ,199.39,199.95,196.08,197.38,589189.0,14307.0
2022-07-26,JKHY,NASDAQ,198.04,201.44,197.67,200.73,601320.0,16127.0
2022-07-27,JKHY,NASDAQ,200.69,204.3,200.67,202.76,430488.0,15213.0
2022-07-28,JKHY,NASDAQ,202.76,206.905,202.58,206.31,386131.0,12340.0
2022-07-29,JKHY,NASDAQ,206.02,208.295,205.22,207.77,377535.0,11538.0
2022-08-01,JKHY,NASDAQ,206.99,208.24,206.02,207.52,323972.0,10529.0
2022-08-02,JKHY,NASDAQ,207.22,207.43,203.36,205.59,431789.0,14865.0
2022-08-03,JKHY,NASDAQ,206.42,209.565,205.48,208.09,394918.0,13277.0
2022-08-04,JKHY,NASDAQ,208.57,209.377,206.16,208.34,293668.0,10028.0
2022-08-05,JKHY,NASDAQ,206.91,211.31,206.91,211.07,323889.0,11051.0
2022-08-08,JKHY,NASDAQ,212.08,212.4,208.74,210.93,370809.0,11440.0
2022-08-09,JKHY,NASDAQ,211.36,212.41,208.32,209.25,485947.0,15886.0
2022-08-10,JKHY,NASDAQ,211.71,212.62,208.608,209.16,438399.0,14494.0
2022-08-11,JKHY,NASDAQ,209.99,209.99,206.02,206.89,727185.0,17983.0
2022-08-12,JKHY,NASDAQ,208.54,209.58,206.73,208.88,384862.0,12449.0
2022-08-15,JKHY,NASDAQ,208.19,211.33,207.37,210.47,371214.0,11705.0
2022-08-16,JKHY,NASDAQ,209.09,212.055,208.95,210.84,519018.0,15989.0
2022-08-17,JKHY,NASDAQ,200.0,200.485,191.87,197.3,1418328.0,32629.0
2022-08-18,JKHY,NASDAQ,196.27,204.02,196.125,203.47,661313.0,20064.0
2022-08-19,JKHY,NASDAQ,202.78,205.21,201.68,204.27,1358949.0,19528.0
2022-08-22,JKHY,NASDAQ,203.22,204.18,201.7173,202.77,468822.0,14849.0
2022-08-23,JKHY,NASDAQ,202.75,202.75,200.51,200.93,319503.0,11336.0
2022-08-24,JKHY,NASDAQ,200.7,201.34,199.98,200.59,386091.0,10306.0
2022-08-25,JKHY,NASDAQ,201.92,202.225,198.12,200.18,551043.0,13368.0
2022-08-26,JKHY,NASDAQ,200.33,200.91,197.24,197.47,326934.0,11200.0
2022-08-29,JKHY,NASDAQ,196.5,198.08,195.18,195.86,332011.0,12491.0
2022-08-30,JKHY,NASDAQ,195.89,196.935,193.605,194.27,293188.0,12605.0
2022-08-31,JKHY,NASDAQ,195.0,195.28,190.98,192.2,700152.0,16222.0
2022-09-01,JKHY,NASDAQ,190.98,194.99,190.21,194.82,529852.0,16753.0
2022-09-02,JKHY,NASDAQ,195.89,195.89,190.67,191.19,404565.0,11062.0
2022-09-06,JKHY,NASDAQ,191.32,194.84,191.16,194.41,561983.0,14242.0
2022-09-07,JKHY,NASDAQ,195.23,199.05,194.91,196.78,646614.0,19007.0
2022-09-08,JKHY,NASDAQ,195.67,197.91,194.58,197.39,396180.0,13095.0
2022-09-09,JKHY,NASDAQ,198.2,201.18,197.38,200.22,376233.0,12079.0
2022-09-12,JKHY,NASDAQ,201.27,201.27,199.03,200.17,455491.0,13244.0
2022-09-13,JKHY,NASDAQ,197.68,198.72,193.45,194.1,338587.0,13069.0
2022-09-14,JKHY,NASDAQ,194.69,195.645,192.33,193.3,427599.0,9761.0
2022-09-15,JKHY,NASDAQ,193.05,194.75,191.97,192.86,411936.0,14891.0
2022-09-16,JKHY,NASDAQ,192.0,193.16,190.58,191.56,678028.0,13933.0
2022-09-19,JKHY,NASDAQ,190.82,193.4,189.65,193.29,409357.0,12791.0
2022-09-20,JKHY,NASDAQ,192.51,192.85,188.12,189.56,337237.0,10133.0
2022-09-21,JKHY,NASDAQ,190.41,192.45,188.19,188.26,287222.0,10203.0
2022-09-22,JKHY,NASDAQ,187.13,188.14,186.34,186.76,258437.0,10559.0
2022-09-23,JKHY,NASDAQ,185.56,186.01,183.24,184.98,410178.0,15315.0
2022-09-26,JKHY,NASDAQ,184.92,185.77,183.11,183.42,344743.0,12986.0
2022-09-27,JKHY,NASDAQ,184.75,186.31,181.91,182.76,316214.0,13392.0
2022-09-28,JKHY,NASDAQ,183.53,185.47,182.06,184.75,414865.0,14372.0
2022-09-29,JKHY,NASDAQ,184.0,184.45,182.28,183.04,311113.0,12922.0
2022-09-30,JKHY,NASDAQ,183.12,185.88,181.71,182.27,481148.0,15584.0
2022-10-03,JKHY,NASDAQ,182.95,187.42,182.4,186.75,441962.0,15004.0
2022-10-04,JKHY,NASDAQ,188.13,189.71,187.89,188.58,533784.0,18132.0
2022-10-05,JKHY,NASDAQ,187.95,189.75,186.98,188.06,404556.0,12383.0
2022-10-06,JKHY,NASDAQ,187.29,188.12,185.675,186.02,453884.0,15176.0
2022-10-07,JKHY,NASDAQ,185.18,186.01,183.505,185.66,353924.0,13082.0
2022-10-10,JKHY,NASDAQ,186.0,186.36,183.12,185.43,256404.0,9847.0
2022-10-11,JKHY,NASDAQ,185.02,187.43,183.81,183.99,426752.0,13763.0
2022-10-12,JKHY,NASDAQ,183.98,184.18,181.35,181.39,484948.0,11785.0
2022-10-13,JKHY,NASDAQ,178.87,187.84,177.291,185.23,718708.0,20865.0
2022-10-14,JKHY,NASDAQ,187.43,187.43,182.17,183.43,541128.0,16282.0
2022-10-17,JKHY,NASDAQ,185.49,187.2461,184.6,186.8,521881.0,13341.0
2022-10-18,JKHY,NASDAQ,189.41,189.98,187.32,188.95,372901.0,12448.0
2022-10-19,JKHY,NASDAQ,187.7,189.27,185.905,187.11,297529.0,8715.0
2022-10-20,JKHY,NASDAQ,187.69,188.06,184.105,185.46,320960.0,9387.0
2022-10-21,JKHY,NASDAQ,185.27,187.77,184.445,187.32,321083.0,9751.0
2022-10-24,JKHY,NASDAQ,188.39,189.62,186.67,189.14,376241.0,10341.0
2022-10-25,JKHY,NASDAQ,191.99,193.05,189.7644,192.67,366469.0,12979.0
2022-10-26,JKHY,NASDAQ,193.09,194.64,191.28,193.25,457877.0,13340.0
2022-10-27,JKHY,NASDAQ,193.46,197.27,192.05,196.34,669325.0,19004.0
2022-10-28,JKHY,NASDAQ,197.34,202.66,197.32,201.73,408097.0,14995.0
2022-10-31,JKHY,NASDAQ,200.6,202.175,198.66,199.06,483007.0,15775.0
2022-11-01,JKHY,NASDAQ,199.65,201.7,199.27,201.24,435448.0,12839.0
2022-11-02,JKHY,NASDAQ,199.76,199.96,190.24,190.64,890086.0,23683.0
2022-11-03,JKHY,NASDAQ,188.98,189.55,179.27,179.62,763570.0,22901.0
2022-11-04,JKHY,NASDAQ,180.99,182.01,177.27,180.46,626491.0,19257.0
2022-11-07,JKHY,NASDAQ,181.24,182.62,180.19,181.85,645464.0,18227.0
2022-11-08,JKHY,NASDAQ,182.39,184.145,179.16,180.94,721755.0,21091.0
2022-11-09,JKHY,NASDAQ,169.3,177.735,167.51,172.52,1132679.0,35046.0
2022-11-10,JKHY,NASDAQ,177.65,181.25,173.96,175.75,1009830.0,35717.0
2022-11-11,JKHY,NASDAQ,175.28,177.8633,172.65,174.49,713189.0,26013.0
2022-11-14,JKHY,NASDAQ,175.26,180.37,173.59,177.43,573869.0,18201.0
2022-11-15,JKHY,NASDAQ,178.79,181.3,176.59,181.2,575863.0,17549.0
2022-11-16,JKHY,NASDAQ,182.08,184.03,180.51,180.64,500897.0,16274.0
2022-11-17,JKHY,NASDAQ,179.04,183.42,179.04,183.1,641487.0,17799.0
2022-11-18,JKHY,NASDAQ,185.06,187.75,184.71,186.96,730224.0,19008.0
2022-11-21,JKHY,NASDAQ,187.65,190.57,187.315,188.81,792902.0,21345.0
2022-11-22,JKHY,NASDAQ,189.02,190.655,186.54,188.94,508640.0,15435.0
2022-11-23,JKHY,NASDAQ,189.34,190.52,187.85,190.06,317505.0,10551.0
2022-11-25,JKHY,NASDAQ,190.31,191.76,190.29,191.42,196633.0,6218.0
2022-11-28,JKHY,NASDAQ,190.07,192.35,188.31,188.8,402455.0,13858.0
2022-11-29,JKHY,NASDAQ,188.71,189.64,183.875,185.9,481568.0,14381.0
2022-11-30,JKHY,NASDAQ,185.33,190.36,185.16,189.35,837628.0,15466.0
2022-12-01,JKHY,NASDAQ,189.75,191.61,188.27,190.73,531757.0,15305.0
2022-12-02,JKHY,NASDAQ,188.5,192.33,188.29,191.6,489981.0,13952.0
2022-12-05,JKHY,NASDAQ,190.73,190.855,188.49,188.93,387959.0,14046.0
2022-12-06,JKHY,NASDAQ,188.5,188.61,182.69,183.49,445907.0,16376.0
2022-12-07,JKHY,NASDAQ,183.96,186.055,183.0,184.78,377576.0,14715.0
2022-12-08,JKHY,NASDAQ,184.69,185.58,183.1,184.92,363016.0,14018.0
2022-12-09,JKHY,NASDAQ,184.41,184.945,181.25,181.54,580310.0,15163.0
2022-12-12,JKHY,NASDAQ,182.03,183.26,181.22,182.89,371706.0,14712.0
2022-12-13,JKHY,NASDAQ,187.06,187.225,180.74,183.08,480168.0,17375.0
2022-12-14,JKHY,NASDAQ,183.42,185.23,179.25,180.59,520015.0,16175.0
2022-12-15,JKHY,NASDAQ,179.36,180.98,176.74,177.93,542017.0,16796.0
2022-12-16,JKHY,NASDAQ,176.47,179.14,175.7,177.55,1442902.0,26118.0
2022-12-19,JKHY,NASDAQ,174.7,178.755,174.7,175.37,552208.0,17411.0
2022-12-20,JKHY,NASDAQ,174.68,176.8,173.815,176.47,405144.0,13463.0
2022-12-21,JKHY,NASDAQ,176.73,178.8949,176.06,178.29,377025.0,12533.0
2022-12-22,JKHY,NASDAQ,177.1,177.39,174.12,176.67,279916.0,10458.0
2022-12-23,JKHY,NASDAQ,176.64,177.56,175.98,177.34,232480.0,8175.0
2022-12-27,JKHY,NASDAQ,177.67,179.46,176.48,178.9,294493.0,9706.0
2022-12-28,JKHY,NASDAQ,179.08,180.375,176.57,176.64,253265.0,10456.0
2022-12-29,JKHY,NASDAQ,177.42,179.06,177.02,177.49,324321.0,11691.0
2022-12-30,JKHY,NASDAQ,176.52,176.75,173.8175,175.56,358091.0,12468.0
2023-01-03,JKHY,NASDAQ,176.83,177.78,174.72,176.1,323343.0,11599.0
2023-01-04,JKHY,NASDAQ,177.49,178.93,175.9,177.19,394229.0,14598.0
2023-01-05,JKHY,NASDAQ,176.68,176.94,173.44,173.78,349718.0,12525.0
2023-01-06,JKHY,NASDAQ,175.41,179.19,174.2901,178.3,248898.0,10432.0
2023-01-09,JKHY,NASDAQ,177.75,179.97,177.36,178.2,548500.0,13224.0
2023-01-10,JKHY,NASDAQ,177.46,178.37,176.32,178.37,254385.0,10809.0
2023-01-11,JKHY,NASDAQ,180.32,181.555,179.715,181.1,364390.0,14264.0
2023-01-12,JKHY,NASDAQ,180.71,182.3,179.45,181.59,291595.0,11138.0
2023-01-13,JKHY,NASDAQ,181.32,182.32,179.18,181.76,329518.0,11257.0
2023-01-17,JKHY,NASDAQ,182.24,183.634,181.42,181.79,538653.0,15490.0
2023-01-18,JKHY,NASDAQ,182.07,182.64,179.7,180.05,338704.0,10581.0
2023-01-19,JKHY,NASDAQ,179.31,179.7091,176.66,176.84,440830.0,12364.0
2023-01-20,JKHY,NASDAQ,177.7,179.09,176.17,178.86,457514.0,13345.0
2023-01-23,JKHY,NASDAQ,178.86,182.23,178.65,180.46,298775.0,10314.0
2023-01-24,JKHY,NASDAQ,180.78,182.85,178.25,178.43,342743.0,10433.0
2023-01-25,JKHY,NASDAQ,177.53,179.43,174.26,178.92,335106.0,11758.0
2023-01-26,JKHY,NASDAQ,179.46,181.91,177.69,181.31,378516.0,12374.0
2023-01-27,JKHY,NASDAQ,180.84,181.57,179.93,180.51,322369.0,10191.0
2023-01-30,JKHY,NASDAQ,180.01,180.73,178.74,179.08,311239.0,9990.0
2023-01-31,JKHY,NASDAQ,179.19,180.76,178.62,180.09,363744.0,10508.0
2023-02-01,JKHY,NASDAQ,179.38,182.175,178.46,181.16,476677.0,15045.0
2023-02-02,JKHY,NASDAQ,181.48,184.185,180.87,182.47,464764.0,15555.0
2023-02-03,JKHY,NASDAQ,180.66,181.22,177.9325,180.7,445372.0,14766.0
2023-02-06,JKHY,NASDAQ,179.78,180.5445,177.43,177.69,445529.0,13675.0
2023-02-07,JKHY,NASDAQ,176.58,182.25,176.58,181.46,519844.0,18148.0
2023-02-08,JKHY,NASDAQ,167.0,169.5,163.56,164.54,1609140.0,37659.0
2023-02-09,JKHY,NASDAQ,165.44,170.53,165.01,167.55,912440.0,25411.0
2023-02-10,JKHY,NASDAQ,167.28,170.595,166.75,170.41,661019.0,18538.0
2023-02-13,JKHY,NASDAQ,171.11,172.11,170.285,170.54,810261.0,20387.0
2023-02-14,JKHY,NASDAQ,169.75,171.15,166.53,166.56,553924.0,16339.0
2023-02-15,JKHY,NASDAQ,165.63,168.69,165.512,168.43,557569.0,14113.0
2023-02-16,JKHY,NASDAQ,166.76,168.05,165.12,165.16,527630.0,16125.0
2023-02-17,JKHY,NASDAQ,164.62,169.09,164.06,169.0,728866.0,15743.0
2023-02-21,JKHY,NASDAQ,168.12,168.3983,166.42,166.58,419828.0,13185.0
2023-02-22,JKHY,NASDAQ,167.0,167.18,164.93,166.13,424650.0,10488.0
2023-02-23,JKHY,NASDAQ,165.67,166.815,165.12,166.56,394332.0,11515.0
2023-02-24,JKHY,NASDAQ,164.91,166.23,162.8,165.26,488991.0,12796.0
2023-02-27,JKHY,NASDAQ,166.29,166.49,164.75,165.75,458632.0,12019.0
2023-02-28,JKHY,NASDAQ,165.36,166.33,164.23,164.24,518077.0,13143.0
2023-03-01,JKHY,NASDAQ,163.5,164.12,162.06,163.94,305081.0,12510.0
2023-03-02,JKHY,NASDAQ,163.19,165.88,162.79,165.85,354777.0,10516.0
2023-03-03,JKHY,NASDAQ,165.99,166.775,165.0,166.06,443666.0,11334.0
2023-03-06,JKHY,NASDAQ,166.48,167.3,164.67,164.71,487048.0,13947.0
2023-03-07,JKHY,NASDAQ,164.33,165.63,162.94,163.65,490294.0,13794.0
2023-03-08,JKHY,NASDAQ,163.26,165.28,163.03,164.27,474930.0,11203.0
2023-03-09,JKHY,NASDAQ,164.8,165.2741,162.76,162.81,364111.0,13023.0
2023-03-10,JKHY,NASDAQ,162.25,163.14,157.535,158.08,638227.0,16644.0
2023-03-13,JKHY,NASDAQ,155.87,156.29,139.28,141.27,3302925.0,59214.0
2023-03-14,JKHY,NASDAQ,144.44,147.09,139.54,141.79,1588773.0,35938.0
2023-03-15,JKHY,NASDAQ,142.49,147.88,141.265,145.46,1348502.0,33304.0
2023-03-16,JKHY,NASDAQ,144.76,149.18,142.4,148.11,1178658.0,26482.0
2023-03-17,JKHY,NASDAQ,148.77,150.02,146.05,146.46,1672188.0,21330.0
2023-03-20,JKHY,NASDAQ,146.83,152.65,146.82,152.01,831641.0,21146.0
2023-03-21,JKHY,NASDAQ,153.24,153.94,150.46,152.17,660714.0,19092.0
2023-03-22,JKHY,NASDAQ,151.27,152.43,147.52,147.56,493505.0,12883.0
2023-03-23,JKHY,NASDAQ,147.51,148.96,145.75,146.68,541683.0,15534.0
2023-03-24,JKHY,NASDAQ,145.58,147.6341,144.43,147.24,376551.0,11065.0
2023-03-27,JKHY,NASDAQ,148.47,150.37,147.685,149.43,533444.0,14428.0
2023-03-28,JKHY,NASDAQ,149.06,150.0,148.4,149.72,490345.0,13233.0
2023-03-29,JKHY,NASDAQ,150.33,150.62,147.66,148.52,633502.0,14306.0
2023-03-30,JKHY,NASDAQ,149.29,149.59,146.86,147.98,945265.0,18064.0
2023-03-31,JKHY,NASDAQ,148.88,151.2,148.72,150.72,575055.0,13694.0
2023-04-03,JKHY,NASDAQ,150.18,151.3597,149.18,150.59,588306.0,14759.0
2023-04-04,JKHY,NASDAQ,150.57,150.7,147.765,148.81,454257.0,13497.0
2023-04-05,JKHY,NASDAQ,148.66,149.7,146.83,147.17,503735.0,16932.0
2023-04-06,JKHY,NASDAQ,147.17,149.31,147.09,148.61,456162.0,14117.0
2023-04-10,JKHY,NASDAQ,148.82,149.125,147.5,148.72,542515.0,12954.0
2023-04-11,JKHY,NASDAQ,149.23,153.63,148.5301,153.39,811229.0,20589.0
2023-04-12,JKHY,NASDAQ,154.31,156.264,151.44,151.61,777063.0,20487.0
2023-04-13,JKHY,NASDAQ,151.62,158.91,151.62,158.31,1174389.0,27246.0
2023-04-14,JKHY,NASDAQ,158.06,158.62,152.18,153.96,1119507.0,26862.0
2023-04-17,JKHY,NASDAQ,153.92,157.15,153.0816,156.99,969774.0,20559.0
2023-04-18,JKHY,NASDAQ,156.67,156.67,152.92,154.58,747689.0,18629.0
2023-04-19,JKHY,NASDAQ,154.51,155.0,153.15,153.99,784682.0,16732.0
2023-04-20,JKHY,NASDAQ,153.26,156.3,153.18,155.94,646983.0,13695.0
2023-04-21,JKHY,NASDAQ,156.58,158.45,156.035,157.18,797010.0,19056.0
2023-04-24,JKHY,NASDAQ,157.64,160.6,157.15,158.51,1011397.0,28802.0
2023-04-25,JKHY,NASDAQ,157.89,157.89,155.12,155.93,697785.0,18206.0
2023-04-26,JKHY,NASDAQ,154.81,156.465,154.01,154.77,562568.0,15533.0
2023-04-27,JKHY,NASDAQ,155.91,159.98,155.42,159.67,824214.0,18768.0
2023-04-28,JKHY,NASDAQ,159.67,163.51,159.01,163.34,923108.0,23015.0
2023-05-01,JKHY,NASDAQ,162.5,163.52,160.08,163.13,903227.0,21985.0
2023-05-02,JKHY,NASDAQ,162.06,162.51,157.71,159.96,1127734.0,27924.0
2023-05-03,JKHY,NASDAQ,161.39,162.545,151.92,157.97,1660278.0,34416.0
2023-05-04,JKHY,NASDAQ,157.62,157.62,147.59,148.1,1588107.0,35112.0
2023-05-05,JKHY,NASDAQ,149.88,153.91,149.36,152.93,989679.0,22098.0
2023-05-08,JKHY,NASDAQ,153.01,154.8,150.55,154.2,442721.0,12769.0
2023-05-09,JKHY,NASDAQ,152.93,153.585,151.57,152.22,508045.0,12705.0
2023-05-10,JKHY,NASDAQ,153.28,154.62,151.59,153.3,422917.0,9453.0
2023-05-11,JKHY,NASDAQ,153.0,155.4084,152.55,154.98,576555.0,16136.0
2023-05-12,JKHY,NASDAQ,155.76,156.1,153.1901,155.81,422247.0,12861.0
2023-05-15,JKHY,NASDAQ,156.73,157.08,154.495,154.75,515702.0,16491.0
2023-05-16,JKHY,NASDAQ,153.81,154.13,147.83,147.89,760526.0,18753.0
2023-05-17,JKHY,NASDAQ,147.93,149.13,146.78,148.24,623625.0,17958.0
2023-05-18,JKHY,NASDAQ,147.6,150.97,146.08,150.7,690959.0,16381.0
2023-05-19,JKHY,NASDAQ,151.33,151.33,148.54,148.8,1545701.0,17788.0
2023-05-22,JKHY,NASDAQ,149.27,151.34,148.06,150.78,512177.0,14135.0
2023-05-23,JKHY,NASDAQ,150.33,152.31,147.66,148.89,556072.0,17386.0
2023-05-24,JKHY,NASDAQ,148.7,148.7,145.26,146.17,559014.0,15568.0
2023-05-25,JKHY,NASDAQ,145.51,148.57,145.175,148.31,886309.0,15317.0
2023-05-26,JKHY,NASDAQ,147.93,148.6,146.83,148.56,532751.0,12985.0
2023-05-30,JKHY,NASDAQ,148.39,149.37,147.01,148.56,504733.0,13913.0
2023-05-31,JKHY,NASDAQ,148.83,154.115,148.19,152.89,2382277.0,26039.0
2023-06-01,JKHY,NASDAQ,152.65,152.85,150.275,151.17,714055.0,17704.0
2023-06-02,JKHY,NASDAQ,152.02,153.565,150.68,152.74,597664.0,14644.0
2023-06-05,JKHY,NASDAQ,151.92,155.55,151.54,155.23,560255.0,14163.0
2023-06-06,JKHY,NASDAQ,154.53,156.07,154.53,155.4,523367.0,13459.0
2023-06-07,JKHY,NASDAQ,155.43,156.29,154.45,156.21,477728.0,13794.0
2023-06-08,JKHY,NASDAQ,156.21,156.5,154.75,155.96,406344.0,10516.0
2023-06-09,JKHY,NASDAQ,155.96,158.03,155.71,157.89,366192.0,12070.0
2023-06-12,JKHY,NASDAQ,158.44,159.56,157.88,159.11,353112.0,10626.0
2023-06-13,JKHY,NASDAQ,158.88,160.385,158.55,158.6,667668.0,13485.0
2023-06-14,JKHY,NASDAQ,159.88,163.16,159.255,160.89,615337.0,15768.0
2023-06-15,JKHY,NASDAQ,160.57,165.525,160.57,165.37,717094.0,16646.0
2023-06-16,JKHY,NASDAQ,165.46,165.81,163.16,163.54,733194.0,14707.0
2023-06-20,JKHY,NASDAQ,162.43,164.97,162.0,163.76,695982.0,19667.0
2023-06-21,JKHY,NASDAQ,162.89,164.78,162.045,164.27,502450.0,14024.0
2023-06-22,JKHY,NASDAQ,163.88,163.88,161.7,162.26,641044.0,15566.0
2023-06-23,JKHY,NASDAQ,161.45,163.67,160.1122,162.8,1392559.0,15049.0
2023-06-26,JKHY,NASDAQ,162.8,164.18,161.51,163.68,337837.0,10113.0
2023-06-27,JKHY,NASDAQ,164.06,165.8,163.27,164.66,309280.0,10928.0
2023-06-28,JKHY,NASDAQ,164.58,165.58,163.57,164.25,313790.0,9819.0
2023-06-29,JKHY,NASDAQ,164.55,167.1112,163.8,166.48,370668.0,10522.0
2023-06-30,JKHY,NASDAQ,166.88,168.19,166.4848,167.33,439115.0,10208.0
2023-07-03,JKHY,NASDAQ,167.32,169.38,166.81,168.24,237152.0,7285.0
2023-07-05,JKHY,NASDAQ,166.87,168.57,165.635,166.58,645828.0,18551.0
2023-07-06,JKHY,NASDAQ,165.5,165.875,163.3,163.46,582702.0,17463.0
2023-07-07,JKHY,NASDAQ,162.68,163.9,162.305,163.01,756114.0,19527.0
2023-07-10,JKHY,NASDAQ,162.87,164.91,162.59,163.22,457558.0,14649.0
2023-07-11,JKHY,NASDAQ,163.4,165.125,163.19,164.83,392728.0,14382.0
2023-07-12,JKHY,NASDAQ,164.9,165.6893,163.04,165.28,413883.0,11713.0
2023-07-13,JKHY,NASDAQ,165.88,166.93,164.645,166.45,295918.0,9693.0
2023-07-14,JKHY,NASDAQ,166.84,166.84,165.76,166.75,440812.0,12339.0
2023-07-17,JKHY,NASDAQ,166.49,168.56,166.48,168.32,520142.0,13553.0
2023-07-18,JKHY,NASDAQ,168.48,170.12,167.51,170.07,552837.0,15337.0
2023-07-19,JKHY,NASDAQ,170.34,172.92,169.845,172.76,677354.0,17710.0
2023-07-20,JKHY,NASDAQ,172.44,172.62,171.03,171.93,423384.0,12005.0
2023-07-21,JKHY,NASDAQ,172.79,173.93,171.57,171.61,523078.0,13367.0
2023-07-24,JKHY,NASDAQ,171.77,174.225,171.7,173.29,478060.0,13150.0
2023-07-25,JKHY,NASDAQ,173.14,174.64,172.51,173.42,300834.0,9900.0
2023-07-26,JKHY,NASDAQ,173.0,173.435,169.915,170.87,358976.0,10164.0
2023-07-27,JKHY,NASDAQ,171.72,171.72,167.78,169.5,496256.0,14197.0
2023-07-28,JKHY,NASDAQ,171.65,171.65,166.77,168.22,689731.0,12557.0
2023-07-31,JKHY,NASDAQ,167.74,168.59,166.2,167.57,908664.0,16455.0
2023-08-01,JKHY,NASDAQ,167.43,172.17,167.43,171.63,478725.0,14078.0
2023-08-02,JKHY,NASDAQ,170.9,171.99,169.48,169.85,344116.0,12513.0
2023-08-03,JKHY,NASDAQ,169.28,171.615,168.55,171.16,290037.0,9672.0
2023-08-04,JKHY,NASDAQ,170.82,171.79,168.57,169.04,461341.0,13472.0
2023-08-07,JKHY,NASDAQ,169.97,172.58,169.358,172.0,259764.0,10483.0
2023-08-08,JKHY,NASDAQ,170.04,170.96,169.02,170.52,264169.0,13299.0
2023-08-09,JKHY,NASDAQ,171.31,172.86,170.42,171.9,307357.0,10389.0
2023-08-10,JKHY,NASDAQ,172.12,173.935,171.29,171.81,351896.0,11378.0
2023-08-11,JKHY,NASDAQ,171.64,172.11,170.83,171.7,281307.0,9507.0
2023-08-14,JKHY,NASDAQ,171.76,172.51,171.3,171.96,464343.0,13623.0
2023-08-15,JKHY,NASDAQ,171.19,171.98,167.8664,168.31,592009.0,16739.0
2023-08-16,JKHY,NASDAQ,152.99,159.99,150.11,156.47,1858415.0,36575.0
2023-08-17,JKHY,NASDAQ,156.2,161.25,154.51,154.84,1201248.0,29312.0
2023-08-18,JKHY,NASDAQ,153.53,157.97,153.24,155.03,780537.0,19479.0
2023-08-21,JKHY,NASDAQ,154.96,155.81,152.885,155.13,627343.0,16011.0
2023-08-22,JKHY,NASDAQ,154.64,157.27,154.365,156.62,426565.0,13408.0
2023-08-23,JKHY,NASDAQ,156.79,157.625,155.83,156.53,544496.0,10442.0
2023-08-24,JKHY,NASDAQ,156.54,158.74,156.4443,157.88,330928.0,10464.0
2023-08-25,JKHY,NASDAQ,158.66,160.625,156.77,158.37,279925.0,8963.0
2023-08-28,JKHY,NASDAQ,158.9,160.12,157.95,158.68,407717.0,11273.0
2023-08-29,JKHY,NASDAQ,158.84,159.155,156.73,157.51,404794.0,12586.0
2023-08-30,JKHY,NASDAQ,158.08,159.86,157.505,159.75,321054.0,9390.0
2023-08-31,JKHY,NASDAQ,159.35,159.87,156.2,156.78,646600.0,12919.0
2023-09-01,JKHY,NASDAQ,157.56,159.7,157.35,158.08,320216.0,11010.0
2023-09-05,JKHY,NASDAQ,158.31,158.63,156.0,156.11,360476.0,10424.0
2023-09-06,JKHY,NASDAQ,155.75,156.04,153.075,153.7,569216.0,17406.0
2023-09-07,JKHY,NASDAQ,153.06,154.18,149.98,150.98,606754.0,18868.0
2023-09-08,JKHY,NASDAQ,150.55,152.2,150.27,151.4,459252.0,12556.0
2023-09-11,JKHY,NASDAQ,152.28,152.8,150.06,151.38,396977.0,11961.0
2023-09-12,JKHY,NASDAQ,151.37,153.55,150.71,153.0,439673.0,12002.0
2023-09-13,JKHY,NASDAQ,153.47,153.47,150.865,151.48,443953.0,12551.0
2023-09-14,JKHY,NASDAQ,152.16,153.515,151.08,152.75,343068.0,9391.0
2023-09-15,JKHY,NASDAQ,152.75,154.72,152.49,154.49,725920.0,12472.0
2023-09-18,JKHY,NASDAQ,155.16,156.345,154.12,155.19,431619.0,13470.0
2023-09-19,JKHY,NASDAQ,154.26,154.58,152.27,152.69,362182.0,12815.0
2023-09-20,JKHY,NASDAQ,153.12,154.23,152.22,152.88,364197.0,11466.0
2023-09-21,JKHY,NASDAQ,152.22,152.22,148.6,148.61,310653.0,11131.0
2023-09-22,JKHY,NASDAQ,148.46,149.31,147.8,147.89,310901.0,10149.0
2023-09-25,JKHY,NASDAQ,147.38,148.28,147.01,147.74,268069.0,9908.0
2023-09-26,JKHY,NASDAQ,147.04,149.595,146.28,147.54,434446.0,12856.0
2023-09-27,JKHY,NASDAQ,150.6,150.67,147.58,148.44,455484.0,11677.0
2023-09-28,JKHY,NASDAQ,148.68,151.77,148.68,151.67,391125.0,12805.0
2023-09-29,JKHY,NASDAQ,152.18,152.79,150.6,151.14,524209.0,12905.0
2023-10-02,JKHY,NASDAQ,150.59,150.6685,148.475,149.87,440376.0,12827.0
2023-10-03,JKHY,NASDAQ,149.28,149.735,146.11,146.64,435763.0,12920.0
2023-10-04,JKHY,NASDAQ,146.53,147.57,145.56,147.5,690770.0,16982.0
2023-10-05,JKHY,NASDAQ,147.56,149.69,146.66,148.58,384899.0,13365.0
2023-10-06,JKHY,NASDAQ,148.25,151.09,147.53,148.97,336593.0,11122.0
2023-10-09,JKHY,NASDAQ,147.98,148.84,146.71,147.8,372629.0,13772.0
2023-10-10,JKHY,NASDAQ,148.23,149.77,148.02,148.82,449948.0,12780.0
2023-10-11,JKHY,NASDAQ,148.88,149.165,146.585,147.18,382425.0,11262.0
2023-10-12,JKHY,NASDAQ,144.16,145.33,141.675,144.46,686884.0,17365.0
2023-10-13,JKHY,NASDAQ,143.96,145.68,143.61,145.43,454704.0,11666.0
2023-10-16,JKHY,NASDAQ,146.61,148.37,145.61,147.9,315886.0,10766.0
2023-10-17,JKHY,NASDAQ,147.16,150.02,146.81,149.03,416182.0,10735.0
2023-10-18,JKHY,NASDAQ,148.67,149.24,146.945,147.08,238888.0,8341.0
2023-10-19,JKHY,NASDAQ,146.45,147.415,144.91,145.61,475864.0,12783.0
2023-10-20,JKHY,NASDAQ,146.02,146.32,142.95,143.12,574984.0,9800.0
2023-10-23,JKHY,NASDAQ,143.03,144.7959,142.5,143.1,635341.0,15104.0
2023-10-24,JKHY,NASDAQ,143.68,145.0,142.21,143.56,324757.0,11462.0
2023-10-25,JKHY,NASDAQ,142.94,142.95,140.87,141.96,518441.0,13519.0
2023-10-26,JKHY,NASDAQ,141.61,143.03,139.69,140.33,498137.0,13742.0
2023-10-27,JKHY,NASDAQ,140.09,140.3,136.57,138.1,572804.0,17049.0
2023-10-30,JKHY,NASDAQ,138.93,140.46,137.17,139.79,601927.0,15413.0
2023-10-31,JKHY,NASDAQ,140.38,142.12,140.36,140.99,482638.0,12554.0
2023-11-01,JKHY,NASDAQ,141.55,141.555,138.95,140.35,481449.0,13431.0
2023-11-02,JKHY,NASDAQ,141.42,143.86,141.32,141.93,790894.0,18274.0
2023-11-03,JKHY,NASDAQ,143.57,145.83,143.25,144.85,573579.0,19037.0
2023-11-06,JKHY,NASDAQ,144.6,145.45,143.24,145.36,633042.0,20707.0
2023-11-07,JKHY,NASDAQ,145.36,145.39,142.93,143.43,933810.0,21502.0
2023-11-08,JKHY,NASDAQ,156.91,157.97,147.05,149.94,1168133.0,27022.0
2023-11-09,JKHY,NASDAQ,151.29,152.67,148.3,149.21,640620.0,16097.0
2023-11-10,JKHY,NASDAQ,150.0,150.0,147.08,147.99,469007.0,15424.0
2023-11-13,JKHY,NASDAQ,147.11,150.49,146.465,150.32,528616.0,14894.0
2023-11-14,JKHY,NASDAQ,151.99,153.82,151.45,153.14,410047.0,13036.0
2023-11-15,JKHY,NASDAQ,153.37,155.4,153.37,153.84,449902.0,13203.0
2023-11-16,JKHY,NASDAQ,154.43,154.99,152.6,153.41,456229.0,14196.0
2023-11-17,JKHY,NASDAQ,154.46,154.46,151.05,152.3,363528.0,15075.0
2023-11-20,JKHY,NASDAQ,152.27,154.19,151.59,153.67,474067.0,13284.0
2023-11-21,JKHY,NASDAQ,153.39,153.98,151.7668,152.92,426125.0,14336.0
2023-11-22,JKHY,NASDAQ,153.2,154.3,152.66,153.09,393067.0,11869.0
2023-11-24,JKHY,NASDAQ,153.74,153.82,151.93,153.8,249290.0,7748.0
2023-11-27,JKHY,NASDAQ,153.65,155.475,153.05,153.99,522107.0,15796.0
2023-11-28,JKHY,NASDAQ,154.11,155.725,153.2286,155.14,453319.0,14628.0
2023-11-29,JKHY,NASDAQ,156.1,158.055,155.37,156.01,500671.0,17211.0
2023-11-30,JKHY,NASDAQ,155.9,158.83,154.77,158.69,2727285.0,21030.0
2023-12-01,JKHY,NASDAQ,158.68,161.445,157.72,160.79,486189.0,16320.0
2023-12-04,JKHY,NASDAQ,159.82,163.09,159.82,162.68,588209.0,14993.0
2023-12-05,JKHY,NASDAQ,162.4,162.865,160.6101,161.33,339841.0,10289.0
2023-12-06,JKHY,NASDAQ,163.56,166.73,163.45,165.4,981554.0,21457.0
2023-12-07,JKHY,NASDAQ,165.45,165.655,163.61,165.15,496481.0,12503.0
2023-12-08,JKHY,NASDAQ,165.48,166.01,164.232,164.69,724773.0,10738.0
2023-12-11,JKHY,NASDAQ,164.32,165.315,163.4625,164.38,667451.0,13339.0
2023-12-12,JKHY,NASDAQ,165.02,166.3,164.21,166.12,382925.0,10914.0
2023-12-13,JKHY,NASDAQ,165.97,169.07,165.665,168.17,806358.0,13722.0
2023-12-14,JKHY,NASDAQ,170.27,170.27,165.12,166.9,586495.0,19080.0
2023-12-15,JKHY,NASDAQ,166.35,166.455,163.79,164.36,1352431.0,17144.0
2023-12-18,JKHY,NASDAQ,165.42,166.57,164.19,166.28,444371.0,12668.0
2023-12-19,JKHY,NASDAQ,166.28,166.71,164.47,165.25,552656.0,13454.0
2023-12-20,JKHY,NASDAQ,165.7,166.84,162.7,162.82,649981.0,15327.0
2023-12-21,JKHY,NASDAQ,163.27,164.1465,162.12,163.27,370936.0,10232.0
2023-12-22,JKHY,NASDAQ,163.81,165.58,161.99,165.08,487204.0,11321.0
2023-12-26,JKHY,NASDAQ,165.08,166.07,164.78,165.56,384133.0,7680.0
2023-12-27,JKHY,NASDAQ,165.19,165.76,162.97,163.24,383511.0,10758.0
2023-12-28,JKHY,NASDAQ,163.64,164.55,163.38,163.88,272660.0,8657.0
2023-12-29,JKHY,NASDAQ,163.65,164.4817,162.175,163.41,267112.0,9298.0
2024-01-02,JKHY,NASDAQ,163.13,165.3424,162.36,164.66,553107.0,14622.0
2024-01-03,JKHY,NASDAQ,164.46,165.17,163.13,163.43,470243.0,12712.0
2024-01-04,JKHY,NASDAQ,163.75,167.0,163.0,166.67,679381.0,14016.0
2024-01-05,JKHY,NASDAQ,166.06,167.98,166.06,166.72,567507.0,15464.0
2024-01-08,JKHY,NASDAQ,167.7,170.38,167.4797,169.7,548707.0,12797.0
2024-01-09,JKHY,NASDAQ,168.75,169.8767,166.97,167.19,414585.0,11557.0
2024-01-10,JKHY,NASDAQ,167.19,167.8,166.1,167.61,244986.0,8290.0
2024-01-11,JKHY,NASDAQ,167.66,168.01,166.1,167.27,324381.0,10424.0
2024-01-12,JKHY,NASDAQ,168.04,168.2588,166.76,167.59,217051.0,8560.0
2024-01-16,JKHY,NASDAQ,166.92,167.41,164.93,165.18,284837.0,11673.0
2024-01-17,JKHY,NASDAQ,164.15,165.93,163.0,165.76,358436.0,11273.0
2024-01-18,JKHY,NASDAQ,164.83,166.115,164.15,165.54,305889.0,10735.0
2024-01-19,JKHY,NASDAQ,166.19,166.77,164.5301,166.39,339587.0,10321.0
2024-01-22,JKHY,NASDAQ,167.23,169.13,166.56,168.81,350109.0,10687.0
2024-01-23,JKHY,NASDAQ,168.61,169.645,167.09,168.05,354096.0,9846.0
2024-01-24,JKHY,NASDAQ,168.62,168.93,166.16,166.63,381887.0,11640.0
2024-01-25,JKHY,NASDAQ,166.86,168.4,166.09,168.29,490363.0,14539.0
2024-01-26,JKHY,NASDAQ,169.16,169.85,168.495,169.57,398562.0,11570.0
2024-01-29,JKHY,NASDAQ,169.95,170.64,168.8,169.54,379082.0,12112.0
2024-01-30,JKHY,NASDAQ,169.33,170.49,169.06,169.45,440230.0,12116.0
2024-01-31,JKHY,NASDAQ,169.64,169.93,164.63,165.83,2118666.0,20685.0
2024-02-01,JKHY,NASDAQ,165.83,168.79,164.32,166.67,531967.0,17497.0
2024-02-02,JKHY,NASDAQ,166.69,166.78,164.28,165.64,500886.0,14775.0
2024-02-05,JKHY,NASDAQ,164.37,165.875,162.14,163.24,463226.0,14202.0
2024-02-06,JKHY,NASDAQ,162.94,164.95,160.63,163.91,871640.0,18594.0
2024-02-07,JKHY,NASDAQ,166.38,170.66,162.795,169.18,933569.0,23914.0
2024-02-08,JKHY,NASDAQ,169.43,174.22,169.235,174.05,622660.0,20233.0
2024-02-09,JKHY,NASDAQ,175.0,176.095,173.685,175.93,461677.0,13427.0
2024-02-12,JKHY,NASDAQ,178.37,178.37,175.52,175.71,427268.0,16070.0
2024-02-13,JKHY,NASDAQ,173.63,174.82,171.12,172.61,520041.0,16450.0
2024-02-14,JKHY,NASDAQ,172.98,175.34,172.93,175.26,495867.0,14801.0
2024-02-15,JKHY,NASDAQ,176.02,176.51,173.72,174.08,584254.0,18778.0
2024-02-16,JKHY,NASDAQ,173.65,175.67,172.46,172.48,428357.0,11390.0
2024-02-20,JKHY,NASDAQ,171.44,173.82,170.935,173.1,383697.0,13229.0
2024-02-21,JKHY,NASDAQ,172.59,172.59,170.62,172.13,287613.0,10439.0
2024-02-22,JKHY,NASDAQ,173.09,175.73,172.66,173.64,471886.0,9595.0
2024-02-23,JKHY,NASDAQ,174.69,176.83,174.415,175.95,307233.0,9948.0
2024-02-26,JKHY,NASDAQ,174.97,176.28,173.92,174.42,449055.0,11108.0
2024-02-27,JKHY,NASDAQ,174.92,175.4,174.13,175.19,262406.0,8687.0
2024-02-28,JKHY,NASDAQ,174.84,175.48,172.73,173.33,300181.0,9110.0
2024-02-29,JKHY,NASDAQ,174.5,174.925,173.22,173.77,445651.0,10179.0
2024-03-01,JKHY,NASDAQ,173.77,173.77,171.67,171.96,392891.0,10662.0
2024-03-04,JKHY,NASDAQ,172.25,173.87,171.595,173.55,379783.0,9948.0
2024-03-05,JKHY,NASDAQ,173.5,174.47,171.64,172.52,337787.0,10510.0
2024-03-06,JKHY,NASDAQ,173.04,175.88,172.43,174.32,294748.0,10883.0
2024-03-07,JKHY,NASDAQ,174.74,175.22,172.76,173.78,249665.0,9048.0
2024-03-08,JKHY,NASDAQ,174.45,176.67,174.45,174.65,360622.0,10966.0
2024-03-11,JKHY,NASDAQ,174.51,175.35,172.82,173.52,319838.0,11059.0
2024-03-12,JKHY,NASDAQ,173.57,174.24,171.03,171.82,433367.0,12237.0
2024-03-13,JKHY,NASDAQ,172.5,173.48,171.97,172.35,356776.0,9163.0
2024-03-14,JKHY,NASDAQ,172.69,173.155,169.94,170.81,308275.0,9779.0
2024-03-15,JKHY,NASDAQ,169.02,171.31,169.02,170.95,491255.0,8517.0
2024-03-18,JKHY,NASDAQ,170.97,171.74,170.2,170.4,292366.0,8769.0
2024-03-19,JKHY,NASDAQ,170.67,171.42,170.22,171.05,257193.0,7917.0
2024-03-20,JKHY,NASDAQ,171.37,171.76,169.985,171.5,231857.0,8087.0
2024-03-21,JKHY,NASDAQ,171.89,172.235,170.81,171.86,530075.0,11606.0
2024-03-22,JKHY,NASDAQ,172.44,172.5291,168.81,168.95,285695.0,8627.0
2024-03-25,JKHY,NASDAQ,169.29,169.29,165.615,165.75,716258.0,15508.0
2024-03-26,JKHY,NASDAQ,165.94,168.51,165.78,166.39,438685.0,13861.0
2024-03-27,JKHY,NASDAQ,167.25,172.4,167.115,172.26,585423.0,15768.0
2024-03-28,JKHY,NASDAQ,172.65,174.27,172.4578,173.73,411616.0,9876.0
2024-04-01,JKHY,NASDAQ,173.46,173.46,169.935,170.46,374960.0,9688.0
2024-04-02,JKHY,NASDAQ,170.44,171.61,169.045,170.29,446918.0,12901.0
2024-04-03,JKHY,NASDAQ,170.23,171.25,168.93,170.26,399786.0,11307.0
2024-04-04,JKHY,NASDAQ,171.26,171.585,168.9,169.41,415951.0,12048.0
2024-04-05,JKHY,NASDAQ,169.4,170.205,168.995,170.03,275370.0,8984.0
2024-04-08,JKHY,NASDAQ,170.0,173.75,169.01,171.57,450410.0,11976.0
2024-04-09,JKHY,NASDAQ,172.25,174.26,171.48,174.17,346394.0,12272.0
2024-04-10,JKHY,NASDAQ,172.41,172.41,169.82,170.46,348883.0,10356.0
2024-04-11,JKHY,NASDAQ,170.88,170.88,168.58,170.05,373474.0,10984.0
2024-04-12,JKHY,NASDAQ,169.07,170.35,166.87,167.57,304376.0,10018.0
2024-04-15,JKHY,NASDAQ,168.51,169.2,164.69,165.04,287193.0,9814.0
2024-04-16,JKHY,NASDAQ,165.04,165.712,163.66,163.75,230692.0,8052.0
2024-04-17,JKHY,NASDAQ,164.5,165.55,163.525,164.67,295598.0,10183.0
2024-04-18,JKHY,NASDAQ,164.92,165.14,163.68,164.77,310160.0,10159.0
2024-04-19,JKHY,NASDAQ,165.32,166.6199,163.85,165.6,368438.0,12633.0
2024-04-22,JKHY,NASDAQ,165.99,166.62,164.69,164.84,329182.0,11345.0
2024-04-23,JKHY,NASDAQ,165.32,167.785,164.84,166.48,297528.0,10431.0
2024-04-24,JKHY,NASDAQ,165.69,166.52,164.34,165.2,350843.0,11129.0
2024-04-25,JKHY,NASDAQ,164.66,166.55,163.93,165.89,240179.0,8853.0
2024-04-26,JKHY,NASDAQ,165.42,167.0,164.66,164.88,378670.0,12125.0
2024-04-29,JKHY,NASDAQ,165.16,166.63,165.06,166.12,294075.0,8867.0
2024-04-30,JKHY,NASDAQ,165.03,165.04,162.24,162.69,502331.0,11840.0
2024-05-01,JKHY,NASDAQ,162.58,164.39,162.2,162.52,498824.0,12358.0
2024-05-02,JKHY,NASDAQ,163.16,164.0,161.0,162.51,369854.0,12499.0
2024-05-03,JKHY,NASDAQ,163.07,164.49,162.43,164.18,359286.0,11197.0
2024-05-06,JKHY,NASDAQ,165.0,165.71,163.37,164.96,402895.0,10420.0
2024-05-07,JKHY,NASDAQ,165.95,167.32,164.6,165.65,576417.0,16024.0
2024-05-08,JKHY,NASDAQ,166.87,172.465,165.1475,165.59,893334.0,21105.0
2024-05-09,JKHY,NASDAQ,166.19,169.13,165.89,169.04,478512.0,14498.0
2024-05-10,JKHY,NASDAQ,169.17,169.96,167.96,169.24,319815.0,10344.0
2024-05-13,JKHY,NASDAQ,170.0,170.2,167.02,167.72,471525.0,11553.0
2024-05-14,JKHY,NASDAQ,168.24,168.24,163.255,165.69,449233.0,14018.0
2024-05-15,JKHY,NASDAQ,166.61,167.95,165.91,167.83,387926.0,11305.0
2024-05-16,JKHY,NASDAQ,167.83,169.85,167.115,169.38,358805.0,10689.0
2024-05-17,JKHY,NASDAQ,169.66,169.66,167.05,168.99,313859.0,8688.0
2024-05-20,JKHY,NASDAQ,168.96,170.18,167.78,169.45,298875.0,9661.0
2024-05-21,JKHY,NASDAQ,169.69,170.08,168.22,169.08,300744.0,11337.0
2024-05-22,JKHY,NASDAQ,168.81,170.205,168.65,169.63,265672.0,10442.0
2024-05-23,JKHY,NASDAQ,169.42,169.715,167.92,168.33,422807.0,12527.0
2024-05-24,JKHY,NASDAQ,168.26,168.73,167.225,168.61,226664.0,9431.0
2024-05-28,JKHY,NASDAQ,167.92,167.92,161.865,162.57,630436.0,18027.0
2024-05-29,JKHY,NASDAQ,161.11,162.62,160.175,161.53,470291.0,13730.0
2024-05-30,JKHY,NASDAQ,161.53,162.52,160.17,161.15,338151.0,12110.0
2024-05-31,JKHY,NASDAQ,161.43,164.77,160.69,164.68,1047874.0,14605.0
2024-06-03,JKHY,NASDAQ,164.12,165.41,161.66,163.26,350659.0,10761.0
2024-06-04,JKHY,NASDAQ,162.34,163.95,161.31,161.7,859418.0,11184.0
2024-06-05,JKHY,NASDAQ,162.36,164.745,161.45,164.38,412338.0,12503.0
2024-06-06,JKHY,NASDAQ,164.65,165.89,164.29,164.55,223264.0,8499.0
2024-06-07,JKHY,NASDAQ,164.0,165.44,163.44,164.78,237268.0,7554.0
2024-06-10,JKHY,NASDAQ,164.65,164.76,161.65,164.05,271509.0,8556.0
2024-06-11,JKHY,NASDAQ,163.34,164.47,161.19,161.53,418430.0,12091.0
2024-06-12,JKHY,NASDAQ,162.56,163.06,160.09,160.21,356165.0,10130.0
2024-06-13,JKHY,NASDAQ,159.58,159.8236,157.0,158.55,793583.0,15326.0
2024-06-14,JKHY,NASDAQ,158.03,161.66,157.92,161.57,580031.0,12995.0
2024-06-17,JKHY,NASDAQ,161.0,165.6,160.04,165.04,578973.0,15173.0
2024-06-18,JKHY,NASDAQ,165.18,165.76,162.015,162.21,525637.0,12231.0
2024-06-20,JKHY,NASDAQ,162.0,166.59,161.86,165.88,519661.0,13021.0
2024-06-21,JKHY,NASDAQ,166.38,167.34,165.15,166.74,686699.0,10738.0
2024-06-24,JKHY,NASDAQ,166.34,168.415,165.85,166.43,402201.0,12687.0
2024-06-25,JKHY,NASDAQ,166.69,167.05,164.55,166.36,539156.0,12764.0
2024-06-26,JKHY,NASDAQ,165.87,167.43,165.165,167.11,670311.0,13509.0
2024-06-27,JKHY,NASDAQ,167.08,168.185,166.04,166.72,390842.0,11158.0
2024-06-28,JKHY,NASDAQ,167.02,168.695,165.0,166.02,1184918.0,14692.0
2024-07-01,JKHY,NASDAQ,166.64,167.02,162.44,163.49,450160.0,13767.0
2024-07-02,JKHY,NASDAQ,163.97,165.235,163.31,163.76,473734.0,12449.0
2024-07-03,JKHY,NASDAQ,163.39,164.41,162.31,163.65,272236.0,7434.0
2024-07-05,JKHY,NASDAQ,163.65,163.8295,162.48,163.06,324540.0,10001.0
2024-07-08,JKHY,NASDAQ,163.29,164.99,162.82,164.34,380840.0,11667.0
2024-07-09,JKHY,NASDAQ,164.34,164.705,162.73,162.88,395092.0,9433.0
2024-07-10,JKHY,NASDAQ,162.91,162.91,158.62,160.87,412245.0,9777.0
2024-07-11,JKHY,NASDAQ,162.11,164.2,161.48,164.14,332663.0,10990.0
2024-07-12,JKHY,NASDAQ,164.92,167.63,164.76,166.28,331294.0,9419.0
2024-07-15,JKHY,NASDAQ,166.27,168.51,164.92,167.37,323541.0,7772.0
2024-07-16,JKHY,NASDAQ,168.21,170.68,167.4,169.74,345170.0,8886.0
2024-07-17,JKHY,NASDAQ,170.01,171.13,168.9701,169.74,311045.0,11433.0
2024-07-18,JKHY,NASDAQ,168.74,171.435,167.86,168.05,243839.0,7686.0
2024-07-19,JKHY,NASDAQ,168.6,169.9,165.63,166.1,320830.0,7590.0
2024-07-22,JKHY,NASDAQ,166.73,169.33,165.97,168.94,260323.0,8091.0
2024-07-23,JKHY,NASDAQ,169.39,169.8,166.71,167.07,245095.0,8129.0
2024-07-24,JKHY,NASDAQ,167.07,169.0,166.68,167.93,346117.0,10950.0
2024-07-25,JKHY,NASDAQ,168.79,172.0,167.32,167.48,338137.0,9799.0
2024-07-26,JKHY,NASDAQ,168.07,170.5769,168.01,170.33,237151.0,8270.0
2024-07-29,JKHY,NASDAQ,170.61,171.94,169.2,170.17,249146.0,7993.0
2024-07-30,JKHY,NASDAQ,170.97,172.825,169.4,172.41,257028.0,8335.0
2024-07-31,JKHY,NASDAQ,172.7,173.035,171.0,171.48,354342.0,8269.0
2024-08-01,JKHY,NASDAQ,171.4,172.06,168.3,169.07,329147.0,10326.0
2024-08-02,JKHY,NASDAQ,168.34,171.08,166.78,170.21,331760.0,10550.0
2024-08-05,JKHY,NASDAQ,168.88,169.0,163.59,163.8,373882.0,11638.0
2024-08-06,JKHY,NASDAQ,164.02,168.52,163.725,166.51,278968.0,7871.0
2024-08-07,JKHY,NASDAQ,167.28,169.51,165.02,166.01,405162.0,10578.0
2024-08-08,JKHY,NASDAQ,166.37,168.27,165.82,167.35,351806.0,8982.0
2024-08-09,JKHY,NASDAQ,167.5,168.49,166.02,166.44,401391.0,9986.0
2024-08-12,JKHY,NASDAQ,166.43,166.625,162.57,162.71,382017.0,11260.0
2024-08-13,JKHY,NASDAQ,163.18,165.23,162.09,165.16,504346.0,13876.0
2024-08-14,JKHY,NASDAQ,164.91,166.4,164.18,164.79,335848.0,8597.0
2024-08-15,JKHY,NASDAQ,165.43,166.5,162.77,164.77,329292.0,9953.0
2024-08-16,JKHY,NASDAQ,164.42,165.45,163.74,165.07,503227.0,11842.0
2024-08-19,JKHY,NASDAQ,165.53,165.89,163.28,164.09,825743.0,14968.0
2024-08-20,JKHY,NASDAQ,164.11,166.76,163.57,165.55,790635.0,17873.0
2024-08-21,JKHY,NASDAQ,162.0,167.66,160.23,165.45,1467179.0,30677.0
2024-08-22,JKHY,NASDAQ,165.42,166.66,162.59,163.79,579261.0,16821.0
2024-08-23,JKHY,NASDAQ,164.12,164.85,163.365,164.63,459071.0,12182.0
2024-08-26,JKHY,NASDAQ,165.41,169.395,164.63,168.84,517670.0,14513.0
2024-08-27,JKHY,NASDAQ,168.84,171.67,168.17,171.39,432441.0,12096.0
2024-08-28,JKHY,NASDAQ,171.94,174.87,171.94,173.76,588144.0,16343.0
2024-08-29,JKHY,NASDAQ,174.6,174.6,171.68,171.89,442967.0,13138.0
2024-08-30,JKHY,NASDAQ,172.08,173.33,171.25,173.03,427055.0,11898.0
2024-09-03,JKHY,NASDAQ,173.03,177.67,173.03,175.08,757083.0,20100.0
2024-09-04,JKHY,NASDAQ,173.67,174.64,172.44,174.09,598401.0,15814.0
2024-09-05,JKHY,NASDAQ,174.98,174.98,171.62,173.21,440372.0,14026.0
2024-09-06,JKHY,NASDAQ,173.14,173.85,169.53,169.64,422776.0,11505.0
2024-09-09,JKHY,NASDAQ,170.68,173.63,170.325,171.9,545806.0,10628.0
2024-09-10,JKHY,NASDAQ,172.27,175.52,171.25,175.04,557769.0,13676.0
2024-09-11,JKHY,NASDAQ,174.78,174.825,170.321,174.01,487855.0,11258.0
2024-09-12,JKHY,NASDAQ,174.41,175.995,173.45,175.54,278140.0,9599.0
2024-09-13,JKHY,NASDAQ,175.98,176.5599,175.155,176.07,323036.0,9901.0
2024-09-16,JKHY,NASDAQ,176.68,177.71,176.245,177.06,225181.0,7451.0
2024-09-17,JKHY,NASDAQ,176.83,177.5,175.04,175.69,343101.0,9382.0
2024-09-18,JKHY,NASDAQ,175.97,176.5,174.06,174.21,270598.0,9495.0
2024-09-19,JKHY,NASDAQ,176.14,176.14,173.99,175.6,394683.0,11433.0
2024-09-20,JKHY,NASDAQ,175.4,175.4,173.014,173.59,579661.0,11263.0
2024-09-23,JKHY,NASDAQ,174.13,175.9,173.71,174.85,258416.0,8426.0
2024-09-24,JKHY,NASDAQ,174.87,175.05,173.095,173.71,385223.0,9073.0
2024-09-25,JKHY,NASDAQ,174.15,174.15,169.99,170.28,783099.0,11591.0
2024-09-26,JKHY,NASDAQ,170.8,174.47,170.29,174.14,601892.0,14407.0
2024-09-27,JKHY,NASDAQ,174.03,176.9,174.03,175.99,415312.0,13225.0
2024-09-30,JKHY,NASDAQ,176.29,177.08,175.13,176.54,447913.0,13403.0
2024-10-01,JKHY,NASDAQ,176.78,181.065,175.005,179.7,602234.0,17205.0
2024-10-02,JKHY,NASDAQ,179.12,179.63,177.29,179.55,344182.0,11825.0
2024-10-03,JKHY,NASDAQ,179.35,183.75,179.04,183.58,795528.0,21357.0
2024-10-04,JKHY,NASDAQ,184.29,184.82,181.635,182.14,526979.0,13908.0
2024-10-07,JKHY,NASDAQ,181.44,181.9,179.51,179.81,335511.0,9455.0
2024-10-08,JKHY,NASDAQ,180.0,181.71,179.2,181.29,459659.0,11908.0
2024-10-09,JKHY,NASDAQ,181.35,183.85,181.35,182.45,294289.0,10067.0
2024-10-10,JKHY,NASDAQ,181.77,182.7699,180.87,181.58,563620.0,8691.0
2024-10-11,JKHY,NASDAQ,182.58,184.81,182.58,183.38,360029.0,11206.0
2024-10-14,JKHY,NASDAQ,183.74,184.65,182.96,184.29,327366.0,11046.0
2024-10-15,JKHY,NASDAQ,184.5,186.025,183.79,184.71,520268.0,13221.0
2024-10-16,JKHY,NASDAQ,184.16,186.77,183.07,185.67,315770.0,10318.0
2024-10-17,JKHY,NASDAQ,186.12,186.93,184.37,185.98,420635.0,10364.0
2024-10-18,JKHY,NASDAQ,186.34,186.83,185.04,186.12,304180.0,8305.0
2024-10-21,JKHY,NASDAQ,185.57,186.92,184.3225,184.97,322100.0,9522.0
2024-10-22,JKHY,NASDAQ,184.31,184.73,182.29,183.28,358335.0,10865.0
2024-10-23,JKHY,NASDAQ,183.21,184.74,182.85,184.42,668098.0,10079.0
2024-10-24,JKHY,NASDAQ,184.44,185.205,183.55,184.59,428208.0,11511.0
2024-10-25,JKHY,NASDAQ,184.78,185.56,182.23,182.44,322029.0,11539.0
2024-10-28,JKHY,NASDAQ,183.64,184.5149,183.08,183.57,298046.0,10231.0
2024-10-29,JKHY,NASDAQ,183.35,183.68,182.405,182.66,297710.0,11679.0
2024-10-30,JKHY,NASDAQ,182.55,183.68,181.755,182.78,438983.0,13143.0
2024-10-31,JKHY,NASDAQ,182.43,183.995,181.52,181.93,570220.0,13450.0
2024-11-01,JKHY,NASDAQ,181.45,183.55,180.95,183.06,443078.0,13073.0
2024-11-04,JKHY,NASDAQ,183.06,186.41,183.06,184.32,644495.0,14328.0
2024-11-05,JKHY,NASDAQ,184.32,185.8,182.76,185.52,601739.0,15354.0
2024-11-06,JKHY,NASDAQ,189.36,189.63,177.63,180.4,1436213.0,32633.0
2024-11-07,JKHY,NASDAQ,180.32,181.685,178.0,179.97,720773.0,18188.0
2024-11-08,JKHY,NASDAQ,180.52,183.68,179.15,179.77,560993.0,14581.0
2024-11-11,JKHY,NASDAQ,179.04,180.48,176.23,177.06,685992.0,16414.0
2024-11-12,JKHY,NASDAQ,177.18,177.28,175.27,177.11,547182.0,13910.0
2024-11-13,JKHY,NASDAQ,177.69,177.69,173.96,174.95,639687.0,15726.0
2024-11-14,JKHY,NASDAQ,175.05,175.57,171.8341,172.45,568906.0,13825.0
2024-11-15,JKHY,NASDAQ,172.92,173.45,171.38,173.21,1734081.0,15322.0
2024-11-18,JKHY,NASDAQ,171.94,173.35,171.74,172.06,435836.0,13265.0
2024-11-19,JKHY,NASDAQ,171.8,172.23,170.71,171.63,570729.0,15217.0
2024-11-20,JKHY,NASDAQ,171.27,171.45,169.61,171.12,446802.0,11838.0
2024-11-21,JKHY,NASDAQ,171.32,173.1699,170.5,172.5,445045.0,12329.0
2024-11-22,JKHY,NASDAQ,172.72,173.65,171.7,172.5,558994.0,13337.0
2024-11-25,JKHY,NASDAQ,173.35,173.36,171.13,172.39,1106753.0,16199.0
2024-11-26,JKHY,NASDAQ,172.67,173.38,171.73,173.1,592363.0,18592.0
2024-11-27,JKHY,NASDAQ,173.94,175.04,173.14,173.96,723614.0,11969.0
2024-11-29,JKHY,NASDAQ,173.78,176.48,173.32,176.18,573129.0,10506.0
2024-12-02,JKHY,NASDAQ,175.74,175.925,173.58,175.66,807903.0,18379.0
2024-12-03,JKHY,NASDAQ,175.27,175.92,173.8422,175.33,623048.0,13572.0
2024-12-04,JKHY,NASDAQ,174.86,175.3,171.83,172.36,1265547.0,16719.0
2024-12-05,JKHY,NASDAQ,172.0,175.15,171.26,173.61,650968.0,16482.0
2024-12-06,JKHY,NASDAQ,174.23,174.315,172.09,173.01,574501.0,12239.0
2024-12-09,JKHY,NASDAQ,173.12,175.19,172.23,174.8,530104.0,16663.0
2024-12-10,JKHY,NASDAQ,175.22,178.27,172.88,177.27,691058.0,17113.0
2024-12-11,JKHY,NASDAQ,177.4,179.02,176.0001,178.85,780146.0,14684.0
2024-12-12,JKHY,NASDAQ,179.12,181.38,178.84,180.55,672081.0,15340.0
2024-12-13,JKHY,NASDAQ,180.26,181.74,178.96,179.8,530486.0,14893.0
2024-12-16,JKHY,NASDAQ,179.74,181.03,177.8,178.08,537730.0,14274.0
2024-12-17,JKHY,NASDAQ,177.93,179.6,177.24,177.67,386125.0,14065.0
2024-12-18,JKHY,NASDAQ,178.34,179.43,176.01,176.5,1126440.0,21165.0
2024-12-19,JKHY,NASDAQ,176.7,178.41,175.94,175.99,777967.0,20069.0
2024-12-20,JKHY,NASDAQ,175.46,178.4,174.96,176.74,1030514.0,14829.0
2024-12-23,JKHY,NASDAQ,175.48,176.595,174.25,175.64,294860.0,11575.0
2024-12-24,JKHY,NASDAQ,175.41,177.47,175.04,177.05,142747.0,5176.0
2024-12-26,JKHY,NASDAQ,176.78,177.76,175.7,177.51,348750.0,860.0
2024-12-27,JKHY,NASDAQ,176.74,178.0,175.37,176.88,303199.0,9231.0
2024-12-30,JKHY,NASDAQ,176.21,176.21,173.63,175.08,275834.0,717.0
2024-12-31,JKHY,NASDAQ,175.75,176.47,174.59,175.3,268397.0,709.0
2025-01-02,JKHY,NASDAQ,175.85,176.7813,172.43,172.97,416824.0,12422.0
2025-01-03,JKHY,NASDAQ,173.5,174.26,172.68,173.7,378348.0,834.0
2025-01-06,JKHY,NASDAQ,173.34,173.855,169.27,169.63,516897.0,1376.0
2025-01-07,JKHY,NASDAQ,169.39,174.265,169.29,171.34,545964.0,1443.0
2025-01-08,JKHY,NASDAQ,171.7,173.57,170.675,173.45,550340.0,1395.0
2025-01-10,JKHY,NASDAQ,172.15,172.37,170.7,172.0,679677.0,2381.0
2025-01-13,JKHY,NASDAQ,171.71,174.47,170.77,173.25,736448.0,2154.0
2025-01-14,JKHY,NASDAQ,172.69,173.0,169.49,172.37,795742.0,2592.0
2025-01-15,JKHY,NASDAQ,174.04,174.63,171.26,171.97,696976.0,1649.0
2025-01-16,JKHY,NASDAQ,171.97,173.63,171.8,172.5,774929.0,1097.0
2025-01-17,JKHY,NASDAQ,173.86,174.35,172.45,173.16,391361.0,700.0
2025-01-21,JKHY,NASDAQ,173.21,175.6171,173.21,174.75,384022.0,1013.0
2025-01-22,JKHY,NASDAQ,174.55,174.775,172.27,173.54,535180.0,1253.0
2025-01-23,JKHY,NASDAQ,173.26,174.19,172.115,174.12,491907.0,1379.0
2025-01-24,JKHY,NASDAQ,173.48,174.74,173.32,173.88,429249.0,1173.0
2025-01-27,JKHY,NASDAQ,174.59,178.42,173.695,177.6,526714.0,1151.0
2025-01-28,JKHY,NASDAQ,176.76,177.38,175.08,175.15,470224.0,1212.0
2025-01-29,JKHY,NASDAQ,174.53,175.89,172.56,172.91,418032.0,1167.0
2025-01-30,JKHY,NASDAQ,173.3,175.6399,173.1975,174.34,424685.0,990.0
2025-01-31,JKHY,NASDAQ,173.37,175.04,173.07,174.09,753129.0,1809.0
2025-02-03,JKHY,NASDAQ,173.59,175.47,171.995,174.78,655245.0,1779.0
2025-02-04,JKHY,NASDAQ,174.14,175.24,172.48,174.08,1013920.0,3503.0
2025-02-05,JKHY,NASDAQ,174.17,179.54,172.06,172.78,1385384.0,5262.0
2025-02-06,JKHY,NASDAQ,173.57,174.57,170.61,173.87,772231.0,2103.0
2025-02-07,JKHY,NASDAQ,174.61,174.98,171.67,173.81,464808.0,1416.0
2025-02-10,JKHY,NASDAQ,174.0,174.75,173.08,173.66,454923.0,13011.0
2025-02-11,JKHY,NASDAQ,173.86,173.935,169.06,170.97,532879.0,15758.0
2025-02-12,JKHY,NASDAQ,170.26,170.605,169.09,170.19,378343.0,732.0
2025-02-13,JKHY,NASDAQ,170.53,171.71,170.11,170.47,508545.0,1538.0
2025-02-14,JKHY,NASDAQ,170.17,171.25,166.25,166.47,615065.0,1514.0
2025-02-18,JKHY,NASDAQ,166.23,168.7,165.47,167.8,883716.0,3000.0
2025-02-19,JKHY,NASDAQ,167.68,167.92,164.205,167.36,495885.0,15284.0
2025-02-20,JKHY,NASDAQ,166.81,168.8899,166.265,168.7,369292.0,1014.0
2025-02-21,JKHY,NASDAQ,168.75,171.99,168.5,171.13,709347.0,2171.0
2025-02-24,JKHY,NASDAQ,171.32,174.99,170.28,172.61,722256.0,2187.0
2025-02-25,JKHY,NASDAQ,173.47,176.35,172.74,174.05,632949.0,1945.0
2025-02-26,JKHY,NASDAQ,174.0,174.66,171.56,171.76,521790.0,1691.0
2025-02-27,JKHY,NASDAQ,171.09,172.86,171.09,171.87,415240.0,1107.0
2025-02-28,JKHY,NASDAQ,172.87,174.28,171.02,173.59,712519.0,1127.0
2025-03-03,JKHY,NASDAQ,173.59,178.06,173.59,178.0,780384.0,17853.0
2025-03-04,JKHY,NASDAQ,178.0,183.33,176.9,177.02,1045136.0,28716.0
2025-03-05,JKHY,NASDAQ,175.63,178.18,175.34,177.63,681645.0,2128.0
2025-03-06,JKHY,NASDAQ,176.32,183.81,175.53,183.51,867860.0,2757.0
2025-03-07,JKHY,NASDAQ,183.7,193.02,183.35,191.28,1300701.0,4543.0
2025-03-10,JKHY,NASDAQ,190.47,196.0,188.67,190.15,1181084.0,28330.0
